300.000000
300.000000
300.000000
300.000000
300.000000
300.000000
300.000000
300.000000
300.000000
300.000000
300.000000
300.000000
300.000000
300.000000
300.000000
300.000000
300.000000
316.462657
326.814470
334.688668
340.855233
345.688282
349.456181
352.313110
354.378910
355.755166
356.514956
356.723827
356.438455
355.706626
354.574200
353.076790
351.250463
349.130528
346.739003
344.103833
341.251895
338.193385
334.947225
331.529293
327.933198
324.162882
320.206320
316.010262
311.511245
306.516272
300.000000
300.000000
300.000000
300.000000
300.000000
300.000000
300.000000
300.000000
300.000000
300.000000
300.000000
300.000000
300.000000
300.000000
300.000000
301.589548
303.222004
304.884747
306.557719
308.219526
309.856395
311.446350
312.968043
314.407031
315.742031
316.952927
318.025350
318.939722
319.678311
320.227259
320.570012
320.692746
320.583303
320.230288
319.626148
318.762655
317.636749
316.250540
314.603244
312.703701
310.567917
308.203876
305.636743
302.896763
304.190871
306.842041
309.390118
311.655170
313.701979
315.473312
316.990873
318.246049
319.236538
319.967507
320.442315
320.668837
320.657771
320.420278
319.970744
319.322448
318.491469
317.496124
316.350623
315.074010
313.686816
312.203488
310.644912
309.032681
307.363958
305.679523
303.983953
302.353128
301.307231
301.463800
301.471520
301.523272
301.600918
301.688076
301.821052
301.986259
302.191414
302.469236
302.801581
303.243272
303.572437
307.289087
311.521738
315.772610
319.677118
323.358340
326.900641
330.204705
333.336121
336.283249
339.042298
341.592060
343.909769
345.979643
347.771980
349.256403
350.405595
351.181381
351.544608
351.452469
350.853809
349.694003
347.902571
345.399530
342.089993
337.762684
332.307578
325.368139
317.146089
308.572822
307.527810
306.140062
305.223013
304.544186
303.980302
303.582905
303.269930
303.052676
302.882992
302.730586
302.620820
302.363988
305.295044
308.177803
310.587157
312.798739
314.753582
316.434314
317.827651
318.956672
319.819784
320.420595
320.767941
320.869931
320.738443
320.385975
319.826651
319.077309
318.151997
317.068588
315.846723
314.500756
313.050797
311.518130
309.917461
308.226655
306.532755
304.851014
303.002003
302.931472
303.047658
303.174483
303.350395
303.564520
303.846457
304.246937
304.761522
305.350423
306.026136
307.445287
311.886886
315.573220
319.202236
322.684338
325.942174
328.956067
331.805074
334.472087
336.939194
339.196080
341.217940
342.979190
344.459112
345.625713
346.446487
346.888711
346.911376
346.472156
345.520348
343.998885
341.845331
338.975457
335.103812
330.423208
324.753722
316.553773
312.961142
311.089309
309.532136
308.353456
307.403523
306.677913
306.198488
305.838536
305.511353
305.225380
307.240865
309.474240
311.881499
314.056912
315.923657
317.503761
318.781762
319.786132
320.522583
320.995751
321.214685
321.191053
320.936779
320.466891
319.795143
318.938174
317.914798
316.739333
315.430954
314.010344
312.491907
310.874583
309.173304
307.416718
305.688680
304.198002
304.541990
304.770743
304.984055
305.257510
305.628251
306.170960
306.889551
307.739943
308.556207
309.167038
311.950626
315.327024
318.819986
322.006184
324.986995
327.790884
330.365761
332.761866
334.958662
336.934531
338.673871
340.149442
341.333883
342.202112
342.720212
342.853940
342.565574
341.811825
340.547925
338.716008
336.185983
332.809102
328.533884
323.768314
319.136382
317.452703
315.143109
313.120751
311.509440
310.302466
309.450501
308.839422
308.365291
307.892286
310.791070
313.378404
315.442613
317.222048
318.696760
319.868621
320.750690
321.357783
321.700747
321.789114
321.636420
321.255696
320.662144
319.873163
318.903979
317.772846
316.499612
315.098592
313.590278
311.956831
310.228716
308.455248
306.462484
306.574881
306.914337
307.316569
307.927757
308.797298
309.875380
311.521448
315.347463
318.434746
321.360032
324.111458
326.692458
329.015294
331.151652
333.090142
334.806840
336.277652
337.483344
338.395555
338.985532
339.224233
339.076731
338.508294
337.477590
335.941703
333.737968
330.826205
327.182138
321.843068
318.220147
315.921720
314.064476
312.753448
311.844902
311.123139
312.872461
314.965411
316.973875
318.691739
320.064409
321.107531
321.862247
322.337488
322.545156
322.502678
322.211529
321.694311
320.973079
320.057464
318.969934
317.724514
316.340507
314.832207
313.188867
311.414960
309.582264
307.913801
308.670504
308.872037
309.537602
310.342972
312.040478
312.732120
315.265886
318.057767
320.772647
323.348263
325.660723
327.743632
329.642436
331.335870
332.806791
334.029942
334.982215
335.641225
335.976415
335.959606
335.558575
334.740636
333.441894
331.551119
329.041371
325.940112
322.769532
320.948018
317.824032
316.057976
314.688171
314.121441
316.668253
318.751143
320.379440
321.614355
322.535515
323.170552
323.515280
323.571426
323.364537
322.913967
322.255644
321.404074
320.345177
319.116672
317.752533
316.256776
314.622373
312.822829
310.832111
310.308675
311.033857
311.910739
312.727460
315.075225
317.733429
320.296621
322.622262
324.675389
326.553341
328.253833
329.722901
330.931300
331.892908
332.616445
333.059781
333.178344
332.934755
332.283089
331.221762
329.655690
327.450917
324.761029
321.283580
319.423172
317.664240
316.392684
318.894570
320.799648
322.364343
323.355277
324.167068
324.729145
324.886479
324.756345
324.358411
323.724754
322.968488
321.980771
320.707494
319.342523
317.875812
316.254757
314.514116
312.476794
313.311178
314.754711
317.665380
319.908038
321.960625
323.757345
325.506145
327.029485
328.191817
329.105560
329.920580
330.427097
330.654929
330.645833
330.128695
329.175305
328.049743
326.280555
323.302610
320.478651
321.430990
323.494542
324.693006
325.119755
326.334929
326.457583
326.412458
326.082382
325.509233
324.518014
324.113413
322.565982
321.094221
319.492650
318.231968
316.182246
314.829079
315.570606
317.397926
319.695947
320.999801
323.055778
324.620076
326.083063
326.408732
327.514433
328.095484
328.385943
328.436418
328.614252
327.226201
326.323017
325.555635
323.431393
303.624412
301.063217
301.962974
308.890379
