
 LIST ALL SELECTED NODES.   DSYS=      0

   NODE        X           Y           Z         THXY    THYZ    THZX
       1    0.0000     0.10000E-01  0.0000        0.00    0.00    0.00
       2    0.0000      0.0000      0.0000        0.00    0.00    0.00
       3    0.0000     0.93333E-02  0.0000        0.00    0.00    0.00
       4    0.0000     0.86667E-02  0.0000        0.00    0.00    0.00
       5    0.0000     0.80000E-02  0.0000        0.00    0.00    0.00
       6    0.0000     0.73333E-02  0.0000        0.00    0.00    0.00
       7    0.0000     0.66667E-02  0.0000        0.00    0.00    0.00
       8    0.0000     0.60000E-02  0.0000        0.00    0.00    0.00
       9    0.0000     0.53333E-02  0.0000        0.00    0.00    0.00
      10    0.0000     0.46667E-02  0.0000        0.00    0.00    0.00
      11    0.0000     0.40000E-02  0.0000        0.00    0.00    0.00
      12    0.0000     0.33333E-02  0.0000        0.00    0.00    0.00
      13    0.0000     0.26667E-02  0.0000        0.00    0.00    0.00
      14    0.0000     0.20000E-02  0.0000        0.00    0.00    0.00
      15    0.0000     0.13333E-02  0.0000        0.00    0.00    0.00
      16    0.0000     0.66670E-03  0.0000        0.00    0.00    0.00
      17   0.20000E-01  0.0000      0.0000        0.00    0.00    0.00
      18   0.66660E-03  0.0000      0.0000        0.00    0.00    0.00
      19   0.13334E-02  0.0000      0.0000        0.00    0.00    0.00
      20   0.20000E-02  0.0000      0.0000        0.00    0.00    0.00

   NODE        X           Y           Z         THXY    THYZ    THZX
      21   0.26666E-02  0.0000      0.0000        0.00    0.00    0.00
      22   0.33334E-02  0.0000      0.0000        0.00    0.00    0.00
      23   0.40000E-02  0.0000      0.0000        0.00    0.00    0.00
      24   0.46666E-02  0.0000      0.0000        0.00    0.00    0.00
      25   0.53334E-02  0.0000      0.0000        0.00    0.00    0.00
      26   0.60000E-02  0.0000      0.0000        0.00    0.00    0.00
      27   0.66666E-02  0.0000      0.0000        0.00    0.00    0.00
      28   0.73334E-02  0.0000      0.0000        0.00    0.00    0.00
      29   0.80000E-02  0.0000      0.0000        0.00    0.00    0.00
      30   0.86666E-02  0.0000      0.0000        0.00    0.00    0.00
      31   0.93334E-02  0.0000      0.0000        0.00    0.00    0.00
      32   0.10000E-01  0.0000      0.0000        0.00    0.00    0.00
      33   0.10667E-01  0.0000      0.0000        0.00    0.00    0.00
      34   0.11333E-01  0.0000      0.0000        0.00    0.00    0.00
      35   0.12000E-01  0.0000      0.0000        0.00    0.00    0.00
      36   0.12667E-01  0.0000      0.0000        0.00    0.00    0.00
      37   0.13333E-01  0.0000      0.0000        0.00    0.00    0.00
      38   0.14000E-01  0.0000      0.0000        0.00    0.00    0.00
      39   0.14667E-01  0.0000      0.0000        0.00    0.00    0.00
      40   0.15333E-01  0.0000      0.0000        0.00    0.00    0.00

   NODE        X           Y           Z         THXY    THYZ    THZX
      41   0.16000E-01  0.0000      0.0000        0.00    0.00    0.00
      42   0.16667E-01  0.0000      0.0000        0.00    0.00    0.00
      43   0.17333E-01  0.0000      0.0000        0.00    0.00    0.00
      44   0.18000E-01  0.0000      0.0000        0.00    0.00    0.00
      45   0.18667E-01  0.0000      0.0000        0.00    0.00    0.00
      46   0.19333E-01  0.0000      0.0000        0.00    0.00    0.00
      47   0.20000E-01 0.10000E-01  0.0000        0.00    0.00    0.00
      48   0.20000E-01 0.66670E-03  0.0000        0.00    0.00    0.00
      49   0.20000E-01 0.13333E-02  0.0000        0.00    0.00    0.00
      50   0.20000E-01 0.20000E-02  0.0000        0.00    0.00    0.00
      51   0.20000E-01 0.26667E-02  0.0000        0.00    0.00    0.00
      52   0.20000E-01 0.33333E-02  0.0000        0.00    0.00    0.00
      53   0.20000E-01 0.40000E-02  0.0000        0.00    0.00    0.00
      54   0.20000E-01 0.46667E-02  0.0000        0.00    0.00    0.00
      55   0.20000E-01 0.53333E-02  0.0000        0.00    0.00    0.00
      56   0.20000E-01 0.60000E-02  0.0000        0.00    0.00    0.00
      57   0.20000E-01 0.66667E-02  0.0000        0.00    0.00    0.00
      58   0.20000E-01 0.73333E-02  0.0000        0.00    0.00    0.00
      59   0.20000E-01 0.80000E-02  0.0000        0.00    0.00    0.00
      60   0.20000E-01 0.86667E-02  0.0000        0.00    0.00    0.00

   NODE        X           Y           Z         THXY    THYZ    THZX
      61   0.20000E-01 0.93333E-02  0.0000        0.00    0.00    0.00
      62   0.19333E-01 0.10000E-01  0.0000        0.00    0.00    0.00
      63   0.18667E-01 0.10000E-01  0.0000        0.00    0.00    0.00
      64   0.18000E-01 0.10000E-01  0.0000        0.00    0.00    0.00
      65   0.17333E-01 0.10000E-01  0.0000        0.00    0.00    0.00
      66   0.16667E-01 0.10000E-01  0.0000        0.00    0.00    0.00
      67   0.16000E-01 0.10000E-01  0.0000        0.00    0.00    0.00
      68   0.15333E-01 0.10000E-01  0.0000        0.00    0.00    0.00
      69   0.14667E-01 0.10000E-01  0.0000        0.00    0.00    0.00
      70   0.14000E-01 0.10000E-01  0.0000        0.00    0.00    0.00
      71   0.13333E-01 0.10000E-01  0.0000        0.00    0.00    0.00
      72   0.12667E-01 0.10000E-01  0.0000        0.00    0.00    0.00
      73   0.12000E-01 0.10000E-01  0.0000        0.00    0.00    0.00
      74   0.11333E-01 0.10000E-01  0.0000        0.00    0.00    0.00
      75   0.10667E-01 0.10000E-01  0.0000        0.00    0.00    0.00
      76   0.10000E-01 0.10000E-01  0.0000        0.00    0.00    0.00
      77   0.93334E-02 0.10000E-01  0.0000        0.00    0.00    0.00
      78   0.86666E-02 0.10000E-01  0.0000        0.00    0.00    0.00
      79   0.80000E-02 0.10000E-01  0.0000        0.00    0.00    0.00
      80   0.73334E-02 0.10000E-01  0.0000        0.00    0.00    0.00

   NODE        X           Y           Z         THXY    THYZ    THZX
      81   0.66666E-02 0.10000E-01  0.0000        0.00    0.00    0.00
      82   0.60000E-02 0.10000E-01  0.0000        0.00    0.00    0.00
      83   0.53334E-02 0.10000E-01  0.0000        0.00    0.00    0.00
      84   0.46666E-02 0.10000E-01  0.0000        0.00    0.00    0.00
      85   0.40000E-02 0.10000E-01  0.0000        0.00    0.00    0.00
      86   0.33334E-02 0.10000E-01  0.0000        0.00    0.00    0.00
      87   0.26666E-02 0.10000E-01  0.0000        0.00    0.00    0.00
      88   0.20000E-02 0.10000E-01  0.0000        0.00    0.00    0.00
      89   0.13334E-02 0.10000E-01  0.0000        0.00    0.00    0.00
      90   0.66660E-03 0.10000E-01  0.0000        0.00    0.00    0.00
      91   0.97628E-03 0.94616E-02  0.0000        0.00    0.00    0.00
      92   0.16372E-02 0.94177E-02  0.0000        0.00    0.00    0.00
      93   0.23233E-02 0.94210E-02  0.0000        0.00    0.00    0.00
      94   0.29916E-02 0.94201E-02  0.0000        0.00    0.00    0.00
      95   0.36667E-02 0.94226E-02  0.0000        0.00    0.00    0.00
      96   0.43333E-02 0.94226E-02  0.0000        0.00    0.00    0.00
      97   0.50000E-02 0.94227E-02  0.0000        0.00    0.00    0.00
      98   0.56667E-02 0.94226E-02  0.0000        0.00    0.00    0.00
      99   0.63333E-02 0.94226E-02  0.0000        0.00    0.00    0.00
     100   0.70000E-02 0.94227E-02  0.0000        0.00    0.00    0.00

   NODE        X           Y           Z         THXY    THYZ    THZX
     101   0.76667E-02 0.94226E-02  0.0000        0.00    0.00    0.00
     102   0.83333E-02 0.94226E-02  0.0000        0.00    0.00    0.00
     103   0.90000E-02 0.94227E-02  0.0000        0.00    0.00    0.00
     104   0.96667E-02 0.94226E-02  0.0000        0.00    0.00    0.00
     105   0.10333E-01 0.94226E-02  0.0000        0.00    0.00    0.00
     106   0.11000E-01 0.94227E-02  0.0000        0.00    0.00    0.00
     107   0.11667E-01 0.94226E-02  0.0000        0.00    0.00    0.00
     108   0.12333E-01 0.94226E-02  0.0000        0.00    0.00    0.00
     109   0.13000E-01 0.94227E-02  0.0000        0.00    0.00    0.00
     110   0.13667E-01 0.94226E-02  0.0000        0.00    0.00    0.00
     111   0.14333E-01 0.94226E-02  0.0000        0.00    0.00    0.00
     112   0.15000E-01 0.94227E-02  0.0000        0.00    0.00    0.00
     113   0.15667E-01 0.94226E-02  0.0000        0.00    0.00    0.00
     114   0.16333E-01 0.94226E-02  0.0000        0.00    0.00    0.00
     115   0.17007E-01 0.94199E-02  0.0000        0.00    0.00    0.00
     116   0.17680E-01 0.94192E-02  0.0000        0.00    0.00    0.00
     117   0.18358E-01 0.94184E-02  0.0000        0.00    0.00    0.00
     118   0.19018E-01 0.94638E-02  0.0000        0.00    0.00    0.00
     119   0.19451E-01 0.90270E-02  0.0000        0.00    0.00    0.00
     120   0.19396E-01 0.83687E-02  0.0000        0.00    0.00    0.00

   NODE        X           Y           Z         THXY    THYZ    THZX
     121   0.19410E-01 0.76864E-02  0.0000        0.00    0.00    0.00
     122   0.19414E-01 0.70121E-02  0.0000        0.00    0.00    0.00
     123   0.19416E-01 0.63414E-02  0.0000        0.00    0.00    0.00
     124   0.19423E-01 0.56667E-02  0.0000        0.00    0.00    0.00
     125   0.19423E-01 0.50000E-02  0.0000        0.00    0.00    0.00
     126   0.19423E-01 0.43334E-02  0.0000        0.00    0.00    0.00
     127   0.19423E-01 0.36667E-02  0.0000        0.00    0.00    0.00
     128   0.19419E-01 0.29923E-02  0.0000        0.00    0.00    0.00
     129   0.19419E-01 0.23190E-02  0.0000        0.00    0.00    0.00
     130   0.19418E-01 0.16422E-02  0.0000        0.00    0.00    0.00
     131   0.19464E-01 0.98221E-03  0.0000        0.00    0.00    0.00
     132   0.19027E-01 0.54904E-03  0.0000        0.00    0.00    0.00
     133   0.18369E-01 0.60434E-03  0.0000        0.00    0.00    0.00
     134   0.17686E-01 0.59009E-03  0.0000        0.00    0.00    0.00
     135   0.17012E-01 0.58603E-03  0.0000        0.00    0.00    0.00
     136   0.16341E-01 0.58381E-03  0.0000        0.00    0.00    0.00
     137   0.15667E-01 0.57735E-03  0.0000        0.00    0.00    0.00
     138   0.15000E-01 0.57729E-03  0.0000        0.00    0.00    0.00
     139   0.14333E-01 0.57735E-03  0.0000        0.00    0.00    0.00
     140   0.13667E-01 0.57735E-03  0.0000        0.00    0.00    0.00

   NODE        X           Y           Z         THXY    THYZ    THZX
     141   0.13000E-01 0.57729E-03  0.0000        0.00    0.00    0.00
     142   0.12333E-01 0.57735E-03  0.0000        0.00    0.00    0.00
     143   0.11667E-01 0.57735E-03  0.0000        0.00    0.00    0.00
     144   0.11000E-01 0.57729E-03  0.0000        0.00    0.00    0.00
     145   0.10333E-01 0.57735E-03  0.0000        0.00    0.00    0.00
     146   0.96667E-02 0.57735E-03  0.0000        0.00    0.00    0.00
     147   0.90000E-02 0.57729E-03  0.0000        0.00    0.00    0.00
     148   0.83333E-02 0.57735E-03  0.0000        0.00    0.00    0.00
     149   0.76667E-02 0.57735E-03  0.0000        0.00    0.00    0.00
     150   0.70000E-02 0.57729E-03  0.0000        0.00    0.00    0.00
     151   0.63333E-02 0.57735E-03  0.0000        0.00    0.00    0.00
     152   0.56667E-02 0.57735E-03  0.0000        0.00    0.00    0.00
     153   0.50000E-02 0.57729E-03  0.0000        0.00    0.00    0.00
     154   0.43333E-02 0.57735E-03  0.0000        0.00    0.00    0.00
     155   0.36667E-02 0.57735E-03  0.0000        0.00    0.00    0.00
     156   0.29928E-02 0.58013E-03  0.0000        0.00    0.00    0.00
     157   0.23195E-02 0.58081E-03  0.0000        0.00    0.00    0.00
     158   0.16421E-02 0.58165E-03  0.0000        0.00    0.00    0.00
     159   0.98220E-03 0.53621E-03  0.0000        0.00    0.00    0.00
     160   0.54904E-03 0.97295E-03  0.0000        0.00    0.00    0.00

   NODE        X           Y           Z         THXY    THYZ    THZX
     161   0.60432E-03 0.16313E-02  0.0000        0.00    0.00    0.00
     162   0.59009E-03 0.23136E-02  0.0000        0.00    0.00    0.00
     163   0.58603E-03 0.29879E-02  0.0000        0.00    0.00    0.00
     164   0.58397E-03 0.36586E-02  0.0000        0.00    0.00    0.00
     165   0.57732E-03 0.43333E-02  0.0000        0.00    0.00    0.00
     166   0.57735E-03 0.50000E-02  0.0000        0.00    0.00    0.00
     167   0.57732E-03 0.56667E-02  0.0000        0.00    0.00    0.00
     168   0.58276E-03 0.63396E-02  0.0000        0.00    0.00    0.00
     169   0.58819E-03 0.70161E-02  0.0000        0.00    0.00    0.00
     170   0.58603E-03 0.76854E-02  0.0000        0.00    0.00    0.00
     171   0.58300E-03 0.83581E-02  0.0000        0.00    0.00    0.00
     172   0.53667E-03 0.90225E-02  0.0000        0.00    0.00    0.00
     173   0.12266E-02 0.87802E-02  0.0000        0.00    0.00    0.00
     174   0.19639E-02 0.88431E-02  0.0000        0.00    0.00    0.00
     175   0.26333E-02 0.88365E-02  0.0000        0.00    0.00    0.00
     176   0.33125E-02 0.88349E-02  0.0000        0.00    0.00    0.00
     177   0.39913E-02 0.88404E-02  0.0000        0.00    0.00    0.00
     178   0.46667E-02 0.88454E-02  0.0000        0.00    0.00    0.00
     179   0.53333E-02 0.88454E-02  0.0000        0.00    0.00    0.00
     180   0.60000E-02 0.88453E-02  0.0000        0.00    0.00    0.00

   NODE        X           Y           Z         THXY    THYZ    THZX
     181   0.66667E-02 0.88454E-02  0.0000        0.00    0.00    0.00
     182   0.73333E-02 0.88454E-02  0.0000        0.00    0.00    0.00
     183   0.80000E-02 0.88453E-02  0.0000        0.00    0.00    0.00
     184   0.86667E-02 0.88454E-02  0.0000        0.00    0.00    0.00
     185   0.93333E-02 0.88454E-02  0.0000        0.00    0.00    0.00
     186   0.10000E-01 0.88453E-02  0.0000        0.00    0.00    0.00
     187   0.10667E-01 0.88454E-02  0.0000        0.00    0.00    0.00
     188   0.11333E-01 0.88454E-02  0.0000        0.00    0.00    0.00
     189   0.12000E-01 0.88453E-02  0.0000        0.00    0.00    0.00
     190   0.12667E-01 0.88454E-02  0.0000        0.00    0.00    0.00
     191   0.13333E-01 0.88454E-02  0.0000        0.00    0.00    0.00
     192   0.14000E-01 0.88453E-02  0.0000        0.00    0.00    0.00
     193   0.14667E-01 0.88454E-02  0.0000        0.00    0.00    0.00
     194   0.15333E-01 0.88454E-02  0.0000        0.00    0.00    0.00
     195   0.16000E-01 0.88453E-02  0.0000        0.00    0.00    0.00
     196   0.16685E-01 0.88347E-02  0.0000        0.00    0.00    0.00
     197   0.17359E-01 0.88358E-02  0.0000        0.00    0.00    0.00
     198   0.18025E-01 0.88411E-02  0.0000        0.00    0.00    0.00
     199   0.18764E-01 0.87840E-02  0.0000        0.00    0.00    0.00
     200   0.18820E-01 0.80483E-02  0.0000        0.00    0.00    0.00

   NODE        X           Y           Z         THXY    THYZ    THZX
     201   0.18815E-01 0.73778E-02  0.0000        0.00    0.00    0.00
     202   0.18823E-01 0.66934E-02  0.0000        0.00    0.00    0.00
     203   0.18829E-01 0.60157E-02  0.0000        0.00    0.00    0.00
     204   0.18839E-01 0.53388E-02  0.0000        0.00    0.00    0.00
     205   0.18845E-01 0.46667E-02  0.0000        0.00    0.00    0.00
     206   0.18838E-01 0.39932E-02  0.0000        0.00    0.00    0.00
     207   0.18828E-01 0.33110E-02  0.0000        0.00    0.00    0.00
     208   0.18830E-01 0.26315E-02  0.0000        0.00    0.00    0.00
     209   0.18841E-01 0.19749E-02  0.0000        0.00    0.00    0.00
     210   0.18784E-01 0.12364E-02  0.0000        0.00    0.00    0.00
     211   0.18048E-01 0.11802E-02  0.0000        0.00    0.00    0.00
     212   0.17378E-01 0.11852E-02  0.0000        0.00    0.00    0.00
     213   0.16693E-01 0.11769E-02  0.0000        0.00    0.00    0.00
     214   0.16009E-01 0.11626E-02  0.0000        0.00    0.00    0.00
     215   0.15333E-01 0.11546E-02  0.0000        0.00    0.00    0.00
     216   0.14667E-01 0.11546E-02  0.0000        0.00    0.00    0.00
     217   0.14000E-01 0.11547E-02  0.0000        0.00    0.00    0.00
     218   0.13333E-01 0.11546E-02  0.0000        0.00    0.00    0.00
     219   0.12667E-01 0.11546E-02  0.0000        0.00    0.00    0.00
     220   0.12000E-01 0.11547E-02  0.0000        0.00    0.00    0.00

   NODE        X           Y           Z         THXY    THYZ    THZX
     221   0.11333E-01 0.11546E-02  0.0000        0.00    0.00    0.00
     222   0.10667E-01 0.11546E-02  0.0000        0.00    0.00    0.00
     223   0.10000E-01 0.11547E-02  0.0000        0.00    0.00    0.00
     224   0.93333E-02 0.11546E-02  0.0000        0.00    0.00    0.00
     225   0.86667E-02 0.11546E-02  0.0000        0.00    0.00    0.00
     226   0.80000E-02 0.11547E-02  0.0000        0.00    0.00    0.00
     227   0.73333E-02 0.11546E-02  0.0000        0.00    0.00    0.00
     228   0.66667E-02 0.11546E-02  0.0000        0.00    0.00    0.00
     229   0.60000E-02 0.11547E-02  0.0000        0.00    0.00    0.00
     230   0.53333E-02 0.11546E-02  0.0000        0.00    0.00    0.00
     231   0.46667E-02 0.11546E-02  0.0000        0.00    0.00    0.00
     232   0.40000E-02 0.11547E-02  0.0000        0.00    0.00    0.00
     233   0.33146E-02 0.11653E-02  0.0000        0.00    0.00    0.00
     234   0.26409E-02 0.11642E-02  0.0000        0.00    0.00    0.00
     235   0.19746E-02 0.11589E-02  0.0000        0.00    0.00    0.00
     236   0.12364E-02 0.12160E-02  0.0000        0.00    0.00    0.00
     237   0.11802E-02 0.19517E-02  0.0000        0.00    0.00    0.00
     238   0.11852E-02 0.26222E-02  0.0000        0.00    0.00    0.00
     239   0.11773E-02 0.33066E-02  0.0000        0.00    0.00    0.00
     240   0.11705E-02 0.39843E-02  0.0000        0.00    0.00    0.00

   NODE        X           Y           Z         THXY    THYZ    THZX
     241   0.11608E-02 0.46612E-02  0.0000        0.00    0.00    0.00
     242   0.11547E-02 0.53333E-02  0.0000        0.00    0.00    0.00
     243   0.11694E-02 0.60144E-02  0.0000        0.00    0.00    0.00
     244   0.11853E-02 0.67025E-02  0.0000        0.00    0.00    0.00
     245   0.11845E-02 0.73802E-02  0.0000        0.00    0.00    0.00
     246   0.11734E-02 0.80470E-02  0.0000        0.00    0.00    0.00
     247   0.16860E-02 0.83379E-02  0.0000        0.00    0.00    0.00
     248   0.22616E-02 0.82647E-02  0.0000        0.00    0.00    0.00
     249   0.29400E-02 0.82315E-02  0.0000        0.00    0.00    0.00
     250   0.36346E-02 0.82485E-02  0.0000        0.00    0.00    0.00
     251   0.43192E-02 0.82601E-02  0.0000        0.00    0.00    0.00
     252   0.50000E-02 0.82680E-02  0.0000        0.00    0.00    0.00
     253   0.56666E-02 0.82680E-02  0.0000        0.00    0.00    0.00
     254   0.63334E-02 0.82680E-02  0.0000        0.00    0.00    0.00
     255   0.70000E-02 0.82680E-02  0.0000        0.00    0.00    0.00
     256   0.76666E-02 0.82680E-02  0.0000        0.00    0.00    0.00
     257   0.83334E-02 0.82680E-02  0.0000        0.00    0.00    0.00
     258   0.90000E-02 0.82680E-02  0.0000        0.00    0.00    0.00
     259   0.96666E-02 0.82680E-02  0.0000        0.00    0.00    0.00
     260   0.10333E-01 0.82680E-02  0.0000        0.00    0.00    0.00

   NODE        X           Y           Z         THXY    THYZ    THZX
     261   0.11000E-01 0.82680E-02  0.0000        0.00    0.00    0.00
     262   0.11667E-01 0.82680E-02  0.0000        0.00    0.00    0.00
     263   0.12333E-01 0.82680E-02  0.0000        0.00    0.00    0.00
     264   0.13000E-01 0.82680E-02  0.0000        0.00    0.00    0.00
     265   0.13667E-01 0.82680E-02  0.0000        0.00    0.00    0.00
     266   0.14333E-01 0.82680E-02  0.0000        0.00    0.00    0.00
     267   0.15000E-01 0.82680E-02  0.0000        0.00    0.00    0.00
     268   0.15677E-01 0.82626E-02  0.0000        0.00    0.00    0.00
     269   0.16365E-01 0.82488E-02  0.0000        0.00    0.00    0.00
     270   0.17059E-01 0.82303E-02  0.0000        0.00    0.00    0.00
     271   0.17730E-01 0.82554E-02  0.0000        0.00    0.00    0.00
     272   0.18308E-01 0.83323E-02  0.0000        0.00    0.00    0.00
     273   0.18215E-01 0.77600E-02  0.0000        0.00    0.00    0.00
     274   0.18200E-01 0.70751E-02  0.0000        0.00    0.00    0.00
     275   0.18217E-01 0.63804E-02  0.0000        0.00    0.00    0.00
     276   0.18238E-01 0.56901E-02  0.0000        0.00    0.00    0.00
     277   0.18252E-01 0.50072E-02  0.0000        0.00    0.00    0.00
     278   0.18244E-01 0.43238E-02  0.0000        0.00    0.00    0.00
     279   0.18226E-01 0.36322E-02  0.0000        0.00    0.00    0.00
     280   0.18218E-01 0.29346E-02  0.0000        0.00    0.00    0.00

   NODE        X           Y           Z         THXY    THYZ    THZX
     281   0.18257E-01 0.22572E-02  0.0000        0.00    0.00    0.00
     282   0.18332E-01 0.16927E-02  0.0000        0.00    0.00    0.00
     283   0.17760E-01 0.17847E-02  0.0000        0.00    0.00    0.00
     284   0.17075E-01 0.18003E-02  0.0000        0.00    0.00    0.00
     285   0.16369E-01 0.17637E-02  0.0000        0.00    0.00    0.00
     286   0.15685E-01 0.17469E-02  0.0000        0.00    0.00    0.00
     287   0.15008E-01 0.17380E-02  0.0000        0.00    0.00    0.00
     288   0.14333E-01 0.17320E-02  0.0000        0.00    0.00    0.00
     289   0.13667E-01 0.17320E-02  0.0000        0.00    0.00    0.00
     290   0.13000E-01 0.17320E-02  0.0000        0.00    0.00    0.00
     291   0.12333E-01 0.17320E-02  0.0000        0.00    0.00    0.00
     292   0.11667E-01 0.17320E-02  0.0000        0.00    0.00    0.00
     293   0.11000E-01 0.17320E-02  0.0000        0.00    0.00    0.00
     294   0.10333E-01 0.17320E-02  0.0000        0.00    0.00    0.00
     295   0.96666E-02 0.17320E-02  0.0000        0.00    0.00    0.00
     296   0.90000E-02 0.17320E-02  0.0000        0.00    0.00    0.00
     297   0.83334E-02 0.17320E-02  0.0000        0.00    0.00    0.00
     298   0.76666E-02 0.17320E-02  0.0000        0.00    0.00    0.00
     299   0.70000E-02 0.17320E-02  0.0000        0.00    0.00    0.00
     300   0.63334E-02 0.17320E-02  0.0000        0.00    0.00    0.00

   NODE        X           Y           Z         THXY    THYZ    THZX
     301   0.56666E-02 0.17320E-02  0.0000        0.00    0.00    0.00
     302   0.50000E-02 0.17320E-02  0.0000        0.00    0.00    0.00
     303   0.43235E-02 0.17374E-02  0.0000        0.00    0.00    0.00
     304   0.36353E-02 0.17512E-02  0.0000        0.00    0.00    0.00
     305   0.29415E-02 0.17697E-02  0.0000        0.00    0.00    0.00
     306   0.22701E-02 0.17446E-02  0.0000        0.00    0.00    0.00
     307   0.16924E-02 0.16677E-02  0.0000        0.00    0.00    0.00
     308   0.17847E-02 0.22400E-02  0.0000        0.00    0.00    0.00
     309   0.18003E-02 0.29249E-02  0.0000        0.00    0.00    0.00
     310   0.17826E-02 0.36196E-02  0.0000        0.00    0.00    0.00
     311   0.17614E-02 0.43102E-02  0.0000        0.00    0.00    0.00
     312   0.17505E-02 0.49960E-02  0.0000        0.00    0.00    0.00
     313   0.17634E-02 0.56856E-02  0.0000        0.00    0.00    0.00
     314   0.17882E-02 0.63840E-02  0.0000        0.00    0.00    0.00
     315   0.18083E-02 0.70882E-02  0.0000        0.00    0.00    0.00
     316   0.17906E-02 0.77724E-02  0.0000        0.00    0.00    0.00
     317   0.25044E-02 0.75463E-02  0.0000        0.00    0.00    0.00
     318   0.32707E-02 0.76476E-02  0.0000        0.00    0.00    0.00
     319   0.39582E-02 0.76681E-02  0.0000        0.00    0.00    0.00
     320   0.46454E-02 0.76797E-02  0.0000        0.00    0.00    0.00

   NODE        X           Y           Z         THXY    THYZ    THZX
     321   0.53263E-02 0.76868E-02  0.0000        0.00    0.00    0.00
     322   0.60000E-02 0.76907E-02  0.0000        0.00    0.00    0.00
     323   0.66667E-02 0.76907E-02  0.0000        0.00    0.00    0.00
     324   0.73333E-02 0.76907E-02  0.0000        0.00    0.00    0.00
     325   0.80000E-02 0.76907E-02  0.0000        0.00    0.00    0.00
     326   0.86667E-02 0.76907E-02  0.0000        0.00    0.00    0.00
     327   0.93333E-02 0.76907E-02  0.0000        0.00    0.00    0.00
     328   0.10000E-01 0.76907E-02  0.0000        0.00    0.00    0.00
     329   0.10667E-01 0.76907E-02  0.0000        0.00    0.00    0.00
     330   0.11333E-01 0.76907E-02  0.0000        0.00    0.00    0.00
     331   0.12000E-01 0.76907E-02  0.0000        0.00    0.00    0.00
     332   0.12667E-01 0.76907E-02  0.0000        0.00    0.00    0.00
     333   0.13333E-01 0.76907E-02  0.0000        0.00    0.00    0.00
     334   0.14000E-01 0.76907E-02  0.0000        0.00    0.00    0.00
     335   0.14667E-01 0.76907E-02  0.0000        0.00    0.00    0.00
     336   0.15351E-01 0.76825E-02  0.0000        0.00    0.00    0.00
     337   0.16045E-01 0.76680E-02  0.0000        0.00    0.00    0.00
     338   0.16737E-01 0.76455E-02  0.0000        0.00    0.00    0.00
     339   0.17509E-01 0.75452E-02  0.0000        0.00    0.00    0.00
     340   0.17590E-01 0.67605E-02  0.0000        0.00    0.00    0.00

   NODE        X           Y           Z         THXY    THYZ    THZX
     341   0.17614E-01 0.60540E-02  0.0000        0.00    0.00    0.00
     342   0.17648E-01 0.53553E-02  0.0000        0.00    0.00    0.00
     343   0.17651E-01 0.46667E-02  0.0000        0.00    0.00    0.00
     344   0.17626E-01 0.39685E-02  0.0000        0.00    0.00    0.00
     345   0.17603E-01 0.32618E-02  0.0000        0.00    0.00    0.00
     346   0.17535E-01 0.24868E-02  0.0000        0.00    0.00    0.00
     347   0.16744E-01 0.23790E-02  0.0000        0.00    0.00    0.00
     348   0.16053E-01 0.23489E-02  0.0000        0.00    0.00    0.00
     349   0.15364E-01 0.23318E-02  0.0000        0.00    0.00    0.00
     350   0.14680E-01 0.23196E-02  0.0000        0.00    0.00    0.00
     351   0.14000E-01 0.23093E-02  0.0000        0.00    0.00    0.00
     352   0.13333E-01 0.23093E-02  0.0000        0.00    0.00    0.00
     353   0.12667E-01 0.23093E-02  0.0000        0.00    0.00    0.00
     354   0.12000E-01 0.23093E-02  0.0000        0.00    0.00    0.00
     355   0.11333E-01 0.23093E-02  0.0000        0.00    0.00    0.00
     356   0.10667E-01 0.23093E-02  0.0000        0.00    0.00    0.00
     357   0.10000E-01 0.23093E-02  0.0000        0.00    0.00    0.00
     358   0.93333E-02 0.23093E-02  0.0000        0.00    0.00    0.00
     359   0.86667E-02 0.23093E-02  0.0000        0.00    0.00    0.00
     360   0.80000E-02 0.23093E-02  0.0000        0.00    0.00    0.00

   NODE        X           Y           Z         THXY    THYZ    THZX
     361   0.73333E-02 0.23093E-02  0.0000        0.00    0.00    0.00
     362   0.66667E-02 0.23093E-02  0.0000        0.00    0.00    0.00
     363   0.60000E-02 0.23093E-02  0.0000        0.00    0.00    0.00
     364   0.53333E-02 0.23093E-02  0.0000        0.00    0.00    0.00
     365   0.46487E-02 0.23180E-02  0.0000        0.00    0.00    0.00
     366   0.39546E-02 0.23324E-02  0.0000        0.00    0.00    0.00
     367   0.32632E-02 0.23546E-02  0.0000        0.00    0.00    0.00
     368   0.24911E-02 0.24548E-02  0.0000        0.00    0.00    0.00
     369   0.24095E-02 0.32395E-02  0.0000        0.00    0.00    0.00
     370   0.23848E-02 0.39464E-02  0.0000        0.00    0.00    0.00
     371   0.23529E-02 0.46491E-02  0.0000        0.00    0.00    0.00
     372   0.23550E-02 0.53456E-02  0.0000        0.00    0.00    0.00
     373   0.23868E-02 0.60506E-02  0.0000        0.00    0.00    0.00
     374   0.24159E-02 0.67626E-02  0.0000        0.00    0.00    0.00
     375   0.29725E-02 0.70989E-02  0.0000        0.00    0.00    0.00
     376   0.35876E-02 0.70772E-02  0.0000        0.00    0.00    0.00
     377   0.42746E-02 0.70848E-02  0.0000        0.00    0.00    0.00
     378   0.49727E-02 0.70947E-02  0.0000        0.00    0.00    0.00
     379   0.56588E-02 0.71042E-02  0.0000        0.00    0.00    0.00
     380   0.63333E-02 0.71134E-02  0.0000        0.00    0.00    0.00

   NODE        X           Y           Z         THXY    THYZ    THZX
     381   0.70000E-02 0.71133E-02  0.0000        0.00    0.00    0.00
     382   0.76667E-02 0.71134E-02  0.0000        0.00    0.00    0.00
     383   0.83333E-02 0.71134E-02  0.0000        0.00    0.00    0.00
     384   0.90063E-02 0.71091E-02  0.0000        0.00    0.00    0.00
     385   0.96742E-02 0.71091E-02  0.0000        0.00    0.00    0.00
     386   0.10340E-01 0.71099E-02  0.0000        0.00    0.00    0.00
     387   0.11000E-01 0.71133E-02  0.0000        0.00    0.00    0.00
     388   0.11667E-01 0.71134E-02  0.0000        0.00    0.00    0.00
     389   0.12333E-01 0.71134E-02  0.0000        0.00    0.00    0.00
     390   0.13000E-01 0.71133E-02  0.0000        0.00    0.00    0.00
     391   0.13667E-01 0.71134E-02  0.0000        0.00    0.00    0.00
     392   0.14338E-01 0.71083E-02  0.0000        0.00    0.00    0.00
     393   0.15024E-01 0.70965E-02  0.0000        0.00    0.00    0.00
     394   0.15727E-01 0.70842E-02  0.0000        0.00    0.00    0.00
     395   0.16425E-01 0.70766E-02  0.0000        0.00    0.00    0.00
     396   0.17042E-01 0.70922E-02  0.0000        0.00    0.00    0.00
     397   0.16912E-01 0.64532E-02  0.0000        0.00    0.00    0.00
     398   0.17050E-01 0.56991E-02  0.0000        0.00    0.00    0.00
     399   0.17058E-01 0.50131E-02  0.0000        0.00    0.00    0.00
     400   0.17069E-01 0.43301E-02  0.0000        0.00    0.00    0.00

   NODE        X           Y           Z         THXY    THYZ    THZX
     401   0.16921E-01 0.35828E-02  0.0000        0.00    0.00    0.00
     402   0.17054E-01 0.29387E-02  0.0000        0.00    0.00    0.00
     403   0.16433E-01 0.29476E-02  0.0000        0.00    0.00    0.00
     404   0.15739E-01 0.29366E-02  0.0000        0.00    0.00    0.00
     405   0.15039E-01 0.29178E-02  0.0000        0.00    0.00    0.00
     406   0.14344E-01 0.28951E-02  0.0000        0.00    0.00    0.00
     407   0.13667E-01 0.28866E-02  0.0000        0.00    0.00    0.00
     408   0.13000E-01 0.28867E-02  0.0000        0.00    0.00    0.00
     409   0.12333E-01 0.28866E-02  0.0000        0.00    0.00    0.00
     410   0.11667E-01 0.28866E-02  0.0000        0.00    0.00    0.00
     411   0.11000E-01 0.28867E-02  0.0000        0.00    0.00    0.00
     412   0.10333E-01 0.28866E-02  0.0000        0.00    0.00    0.00
     413   0.96667E-02 0.28866E-02  0.0000        0.00    0.00    0.00
     414   0.90000E-02 0.28867E-02  0.0000        0.00    0.00    0.00
     415   0.83333E-02 0.28866E-02  0.0000        0.00    0.00    0.00
     416   0.76667E-02 0.28866E-02  0.0000        0.00    0.00    0.00
     417   0.70000E-02 0.28867E-02  0.0000        0.00    0.00    0.00
     418   0.63333E-02 0.28866E-02  0.0000        0.00    0.00    0.00
     419   0.56598E-02 0.28905E-02  0.0000        0.00    0.00    0.00
     420   0.49735E-02 0.29023E-02  0.0000        0.00    0.00    0.00

   NODE        X           Y           Z         THXY    THYZ    THZX
     421   0.42717E-02 0.29154E-02  0.0000        0.00    0.00    0.00
     422   0.35749E-02 0.29237E-02  0.0000        0.00    0.00    0.00
     423   0.29576E-02 0.29078E-02  0.0000        0.00    0.00    0.00
     424   0.30880E-02 0.35468E-02  0.0000        0.00    0.00    0.00
     425   0.29438E-02 0.43018E-02  0.0000        0.00    0.00    0.00
     426   0.29361E-02 0.49976E-02  0.0000        0.00    0.00    0.00
     427   0.29406E-02 0.56948E-02  0.0000        0.00    0.00    0.00
     428   0.30977E-02 0.64483E-02  0.0000        0.00    0.00    0.00
     429   0.38743E-02 0.64943E-02  0.0000        0.00    0.00    0.00
     430   0.46033E-02 0.64882E-02  0.0000        0.00    0.00    0.00
     431   0.53201E-02 0.65151E-02  0.0000        0.00    0.00    0.00
     432   0.60002E-02 0.65247E-02  0.0000        0.00    0.00    0.00
     433   0.66714E-02 0.65261E-02  0.0000        0.00    0.00    0.00
     434   0.73427E-02 0.65187E-02  0.0000        0.00    0.00    0.00
     435   0.80195E-02 0.65143E-02  0.0000        0.00    0.00    0.00
     436   0.86967E-02 0.65143E-02  0.0000        0.00    0.00    0.00
     437   0.93682E-02 0.65155E-02  0.0000        0.00    0.00    0.00
     438   0.10029E-01 0.65214E-02  0.0000        0.00    0.00    0.00
     439   0.10685E-01 0.65236E-02  0.0000        0.00    0.00    0.00
     440   0.11348E-01 0.65169E-02  0.0000        0.00    0.00    0.00

   NODE        X           Y           Z         THXY    THYZ    THZX
     441   0.12019E-01 0.65148E-02  0.0000        0.00    0.00    0.00
     442   0.12679E-01 0.65271E-02  0.0000        0.00    0.00    0.00
     443   0.13339E-01 0.65313E-02  0.0000        0.00    0.00    0.00
     444   0.14003E-01 0.65293E-02  0.0000        0.00    0.00    0.00
     445   0.14685E-01 0.65104E-02  0.0000        0.00    0.00    0.00
     446   0.15392E-01 0.64864E-02  0.0000        0.00    0.00    0.00
     447   0.16125E-01 0.64953E-02  0.0000        0.00    0.00    0.00
     448   0.16482E-01 0.59709E-02  0.0000        0.00    0.00    0.00
     449   0.16460E-01 0.53594E-02  0.0000        0.00    0.00    0.00
     450   0.16470E-01 0.46678E-02  0.0000        0.00    0.00    0.00
     451   0.16507E-01 0.40743E-02  0.0000        0.00    0.00    0.00
     452   0.16139E-01 0.35474E-02  0.0000        0.00    0.00    0.00
     453   0.15414E-01 0.35324E-02  0.0000        0.00    0.00    0.00
     454   0.14701E-01 0.34969E-02  0.0000        0.00    0.00    0.00
     455   0.14009E-01 0.34737E-02  0.0000        0.00    0.00    0.00
     456   0.13331E-01 0.34761E-02  0.0000        0.00    0.00    0.00
     457   0.12661E-01 0.34723E-02  0.0000        0.00    0.00    0.00
     458   0.11990E-01 0.34672E-02  0.0000        0.00    0.00    0.00
     459   0.11327E-01 0.34643E-02  0.0000        0.00    0.00    0.00
     460   0.10663E-01 0.34703E-02  0.0000        0.00    0.00    0.00

   NODE        X           Y           Z         THXY    THYZ    THZX
     461   0.99884E-02 0.34790E-02  0.0000        0.00    0.00    0.00
     462   0.93147E-02 0.34782E-02  0.0000        0.00    0.00    0.00
     463   0.86536E-02 0.34710E-02  0.0000        0.00    0.00    0.00
     464   0.79872E-02 0.34660E-02  0.0000        0.00    0.00    0.00
     465   0.73254E-02 0.34636E-02  0.0000        0.00    0.00    0.00
     466   0.66621E-02 0.34694E-02  0.0000        0.00    0.00    0.00
     467   0.59879E-02 0.34723E-02  0.0000        0.00    0.00    0.00
     468   0.53061E-02 0.34827E-02  0.0000        0.00    0.00    0.00
     469   0.46037E-02 0.35115E-02  0.0000        0.00    0.00    0.00
     470   0.38750E-02 0.35047E-02  0.0000        0.00    0.00    0.00
     471   0.35183E-02 0.40291E-02  0.0000        0.00    0.00    0.00
     472   0.35264E-02 0.46451E-02  0.0000        0.00    0.00    0.00
     473   0.35275E-02 0.53513E-02  0.0000        0.00    0.00    0.00
     474   0.35215E-02 0.59681E-02  0.0000        0.00    0.00    0.00
     475   0.41810E-02 0.57968E-02  0.0000        0.00    0.00    0.00
     476   0.49829E-02 0.59314E-02  0.0000        0.00    0.00    0.00
     477   0.56825E-02 0.59030E-02  0.0000        0.00    0.00    0.00
     478   0.63470E-02 0.59477E-02  0.0000        0.00    0.00    0.00
     479   0.70106E-02 0.59313E-02  0.0000        0.00    0.00    0.00
     480   0.77030E-02 0.58981E-02  0.0000        0.00    0.00    0.00

   NODE        X           Y           Z         THXY    THYZ    THZX
     481   0.84020E-02 0.59052E-02  0.0000        0.00    0.00    0.00
     482   0.90829E-02 0.59085E-02  0.0000        0.00    0.00    0.00
     483   0.97395E-02 0.59196E-02  0.0000        0.00    0.00    0.00
     484   0.10374E-01 0.59461E-02  0.0000        0.00    0.00    0.00
     485   0.11023E-01 0.59271E-02  0.0000        0.00    0.00    0.00
     486   0.11706E-01 0.58959E-02  0.0000        0.00    0.00    0.00
     487   0.12387E-01 0.59156E-02  0.0000        0.00    0.00    0.00
     488   0.13017E-01 0.59547E-02  0.0000        0.00    0.00    0.00
     489   0.13674E-01 0.59431E-02  0.0000        0.00    0.00    0.00
     490   0.14335E-01 0.59386E-02  0.0000        0.00    0.00    0.00
     491   0.15019E-01 0.59031E-02  0.0000        0.00    0.00    0.00
     492   0.15799E-01 0.57885E-02  0.0000        0.00    0.00    0.00
     493   0.15876E-01 0.50053E-02  0.0000        0.00    0.00    0.00
     494   0.15840E-01 0.42228E-02  0.0000        0.00    0.00    0.00
     495   0.15049E-01 0.40899E-02  0.0000        0.00    0.00    0.00
     496   0.14349E-01 0.40724E-02  0.0000        0.00    0.00    0.00
     497   0.13669E-01 0.40571E-02  0.0000        0.00    0.00    0.00
     498   0.12983E-01 0.40800E-02  0.0000        0.00    0.00    0.00
     499   0.12293E-01 0.40639E-02  0.0000        0.00    0.00    0.00
     500   0.11641E-01 0.40326E-02  0.0000        0.00    0.00    0.00

   NODE        X           Y           Z         THXY    THYZ    THZX
     501   0.10995E-01 0.40484E-02  0.0000        0.00    0.00    0.00
     502   0.10317E-01 0.40817E-02  0.0000        0.00    0.00    0.00
     503   0.96265E-02 0.40764E-02  0.0000        0.00    0.00    0.00
     504   0.89458E-02 0.40724E-02  0.0000        0.00    0.00    0.00
     505   0.82783E-02 0.40603E-02  0.0000        0.00    0.00    0.00
     506   0.76395E-02 0.40314E-02  0.0000        0.00    0.00    0.00
     507   0.69928E-02 0.40471E-02  0.0000        0.00    0.00    0.00
     508   0.63124E-02 0.40719E-02  0.0000        0.00    0.00    0.00
     509   0.56380E-02 0.40438E-02  0.0000        0.00    0.00    0.00
     510   0.49738E-02 0.40761E-02  0.0000        0.00    0.00    0.00
     511   0.41932E-02 0.42094E-02  0.0000        0.00    0.00    0.00
     512   0.40814E-02 0.49992E-02  0.0000        0.00    0.00    0.00
     513   0.46711E-02 0.53290E-02  0.0000        0.00    0.00    0.00
     514   0.53474E-02 0.51955E-02  0.0000        0.00    0.00    0.00
     515   0.61111E-02 0.52926E-02  0.0000        0.00    0.00    0.00
     516   0.66937E-02 0.54325E-02  0.0000        0.00    0.00    0.00
     517   0.73399E-02 0.52188E-02  0.0000        0.00    0.00    0.00
     518   0.81117E-02 0.52940E-02  0.0000        0.00    0.00    0.00
     519   0.88073E-02 0.52965E-02  0.0000        0.00    0.00    0.00
     520   0.94838E-02 0.53002E-02  0.0000        0.00    0.00    0.00

   NODE        X           Y           Z         THXY    THYZ    THZX
     521   0.10133E-01 0.53071E-02  0.0000        0.00    0.00    0.00
     522   0.10708E-01 0.54331E-02  0.0000        0.00    0.00    0.00
     523   0.11343E-01 0.52181E-02  0.0000        0.00    0.00    0.00
     524   0.12116E-01 0.52830E-02  0.0000        0.00    0.00    0.00
     525   0.12796E-01 0.53050E-02  0.0000        0.00    0.00    0.00
     526   0.13369E-01 0.54438E-02  0.0000        0.00    0.00    0.00
     527   0.14010E-01 0.52647E-02  0.0000        0.00    0.00    0.00
     528   0.14667E-01 0.54292E-02  0.0000        0.00    0.00    0.00
     529   0.15242E-01 0.52569E-02  0.0000        0.00    0.00    0.00
     530   0.15335E-01 0.46673E-02  0.0000        0.00    0.00    0.00
     531   0.14668E-01 0.47616E-02  0.0000        0.00    0.00    0.00
     532   0.14008E-01 0.45765E-02  0.0000        0.00    0.00    0.00
     533   0.13346E-01 0.47704E-02  0.0000        0.00    0.00    0.00
     534   0.12588E-01 0.46814E-02  0.0000        0.00    0.00    0.00
     535   0.11897E-01 0.46497E-02  0.0000        0.00    0.00    0.00
     536   0.11313E-01 0.45271E-02  0.0000        0.00    0.00    0.00
     537   0.10682E-01 0.47504E-02  0.0000        0.00    0.00    0.00
     538   0.99213E-02 0.46917E-02  0.0000        0.00    0.00    0.00
     539   0.92224E-02 0.46851E-02  0.0000        0.00    0.00    0.00
     540   0.85494E-02 0.46737E-02  0.0000        0.00    0.00    0.00

   NODE        X           Y           Z         THXY    THYZ    THZX
     541   0.78940E-02 0.46474E-02  0.0000        0.00    0.00    0.00
     542   0.73128E-02 0.45153E-02  0.0000        0.00    0.00    0.00
     543   0.66832E-02 0.47399E-02  0.0000        0.00    0.00    0.00
     544   0.59102E-02 0.46589E-02  0.0000        0.00    0.00    0.00
     545   0.53154E-02 0.45159E-02  0.0000        0.00    0.00    0.00
     546   0.47628E-02 0.47220E-02  0.0000        0.00    0.00    0.00
     547   0.19551E-01 0.44880E-03  0.0000        0.00    0.00    0.00
     548   0.19551E-01 0.95512E-02  0.0000        0.00    0.00    0.00
     549   0.44879E-03 0.95512E-02  0.0000        0.00    0.00    0.00
     550   0.44879E-03 0.44880E-03  0.0000        0.00    0.00    0.00
