
 LIST ALL SELECTED ELEMENTS.  (LIST NODES)
 
    ELEM MAT TYP REL ESY SEC        NODES
 
       1   1   1   1   0   1    531   529   528   528
       2   1   1   1   0   1    531   530   529   529
       3   1   1   1   0   1    533   527   526   526
       4   1   1   1   0   1    533   532   527   527
       5   1   1   1   0   1    515   543   516   516
       6   1   1   1   0   1    515   544   543   543
       7   1   1   1   0   1    523   535   524   524
       8   1   1   1   0   1    523   536   535   535
       9   1   1   1   0   1    517   541   518   518
      10   1   1   1   0   1    517   542   541   541
      11   1   1   1   0   1    514   544   515   515
      12   1   1   1   0   1    514   545   544   544
      13   1   1   1   0   1    401   452   403   403
      14   1   1   1   0   1    401   451   452   452
      15   1   1   1   0   1    520   538   521   521
      16   1   1   1   0   1    520   539   538   538
      17   1   1   1   0   1    550   160    16    16
      18   1   1   1   0   1    550   159   160   160
      19   1   1   1   0   1    547   132    46    46
      20   1   1   1   0   1    547   131   132   132
 
    ELEM MAT TYP REL ESY SEC        NODES
 
      21   1   1   1   0   1    548   119    61    61
      22   1   1   1   0   1    548   118   119   119
      23   1   1   1   0   1    549    91    90    90
      24   1   1   1   0   1    549   172    91    91
      25   1   1   1   0   1    159   550    18    18
      26   1   1   1   0   1    550     2    18    18
      27   1   1   1   0   1     16     2   550   550
      28   1   1   1   0   1    172   549     3     3
      29   1   1   1   0   1    549     1     3     3
      30   1   1   1   0   1     90     1   549   549
      31   1   1   1   0   1    118   548    62    62
      32   1   1   1   0   1    548    47    62    62
      33   1   1   1   0   1     61    47   548   548
      34   1   1   1   0   1    131   547    48    48
      35   1   1   1   0   1    547    17    48    48
      36   1   1   1   0   1     46    17   547   547
      37   1   1   1   0   1    546   545   514   514
      38   1   1   1   0   1    543   542   517   517
      39   1   1   1   0   1    541   540   518   518
      40   1   1   1   0   1    540   539   519   519
 
    ELEM MAT TYP REL ESY SEC        NODES
 
      41   1   1   1   0   1    538   537   521   521
      42   1   1   1   0   1    537   536   523   523
      43   1   1   1   0   1    535   534   524   524
      44   1   1   1   0   1    534   533   525   525
      45   1   1   1   0   1    532   531   527   527
      46   1   1   1   0   1    528   527   531   531
      47   1   1   1   0   1    526   525   533   533
      48   1   1   1   0   1    525   524   534   534
      49   1   1   1   0   1    523   522   537   537
      50   1   1   1   0   1    522   521   537   537
      51   1   1   1   0   1    520   519   539   539
      52   1   1   1   0   1    519   518   540   540
      53   1   1   1   0   1    517   516   543   543
      54   1   1   1   0   1    514   513   546   546
      55   1   1   1   0   1    512   546   513   513
      56   1   1   1   0   1    510   545   546   546
      57   1   1   1   0   1    509   544   545   545
      58   1   1   1   0   1    508   543   544   544
      59   1   1   1   0   1    507   542   543   543
      60   1   1   1   0   1    506   541   542   542
 
    ELEM MAT TYP REL ESY SEC        NODES
 
      61   1   1   1   0   1    505   540   541   541
      62   1   1   1   0   1    504   539   540   540
      63   1   1   1   0   1    503   538   539   539
      64   1   1   1   0   1    502   537   538   538
      65   1   1   1   0   1    501   536   537   537
      66   1   1   1   0   1    500   535   536   536
      67   1   1   1   0   1    499   534   535   535
      68   1   1   1   0   1    498   533   534   534
      69   1   1   1   0   1    497   532   533   533
      70   1   1   1   0   1    496   531   532   532
      71   1   1   1   0   1    495   530   531   531
      72   1   1   1   0   1    493   529   530   530
      73   1   1   1   0   1    491   528   529   529
      74   1   1   1   0   1    490   527   528   528
      75   1   1   1   0   1    489   526   527   527
      76   1   1   1   0   1    488   525   526   526
      77   1   1   1   0   1    487   524   525   525
      78   1   1   1   0   1    486   523   524   524
      79   1   1   1   0   1    485   522   523   523
      80   1   1   1   0   1    484   521   522   522
 
    ELEM MAT TYP REL ESY SEC        NODES
 
      81   1   1   1   0   1    483   520   521   521
      82   1   1   1   0   1    482   519   520   520
      83   1   1   1   0   1    481   518   519   519
      84   1   1   1   0   1    480   517   518   518
      85   1   1   1   0   1    479   516   517   517
      86   1   1   1   0   1    478   515   516   516
      87   1   1   1   0   1    477   514   515   515
      88   1   1   1   0   1    476   513   514   514
      89   1   1   1   0   1    475   512   513   513
      90   1   1   1   0   1    512   511   546   546
      91   1   1   1   0   1    511   510   546   546
      92   1   1   1   0   1    510   509   545   545
      93   1   1   1   0   1    509   508   544   544
      94   1   1   1   0   1    508   507   543   543
      95   1   1   1   0   1    507   506   542   542
      96   1   1   1   0   1    506   505   541   541
      97   1   1   1   0   1    505   504   540   540
      98   1   1   1   0   1    504   503   539   539
      99   1   1   1   0   1    503   502   538   538
     100   1   1   1   0   1    502   501   537   537
 
    ELEM MAT TYP REL ESY SEC        NODES
 
     101   1   1   1   0   1    501   500   536   536
     102   1   1   1   0   1    500   499   535   535
     103   1   1   1   0   1    499   498   534   534
     104   1   1   1   0   1    498   497   533   533
     105   1   1   1   0   1    497   496   532   532
     106   1   1   1   0   1    496   495   531   531
     107   1   1   1   0   1    495   494   530   530
     108   1   1   1   0   1    494   493   530   530
     109   1   1   1   0   1    493   492   529   529
     110   1   1   1   0   1    492   491   529   529
     111   1   1   1   0   1    491   490   528   528
     112   1   1   1   0   1    490   489   527   527
     113   1   1   1   0   1    489   488   526   526
     114   1   1   1   0   1    488   487   525   525
     115   1   1   1   0   1    487   486   524   524
     116   1   1   1   0   1    486   485   523   523
     117   1   1   1   0   1    485   484   522   522
     118   1   1   1   0   1    484   483   521   521
     119   1   1   1   0   1    483   482   520   520
     120   1   1   1   0   1    482   481   519   519
 
    ELEM MAT TYP REL ESY SEC        NODES
 
     121   1   1   1   0   1    481   480   518   518
     122   1   1   1   0   1    480   479   517   517
     123   1   1   1   0   1    479   478   516   516
     124   1   1   1   0   1    478   477   515   515
     125   1   1   1   0   1    477   476   514   514
     126   1   1   1   0   1    476   475   513   513
     127   1   1   1   0   1    473   512   475   475
     128   1   1   1   0   1    472   511   512   512
     129   1   1   1   0   1    469   510   511   511
     130   1   1   1   0   1    468   509   510   510
     131   1   1   1   0   1    467   508   509   509
     132   1   1   1   0   1    466   507   508   508
     133   1   1   1   0   1    465   506   507   507
     134   1   1   1   0   1    464   505   506   506
     135   1   1   1   0   1    463   504   505   505
     136   1   1   1   0   1    462   503   504   504
     137   1   1   1   0   1    461   502   503   503
     138   1   1   1   0   1    460   501   502   502
     139   1   1   1   0   1    459   500   501   501
     140   1   1   1   0   1    458   499   500   500
 
    ELEM MAT TYP REL ESY SEC        NODES
 
     141   1   1   1   0   1    457   498   499   499
     142   1   1   1   0   1    456   497   498   498
     143   1   1   1   0   1    455   496   497   497
     144   1   1   1   0   1    454   495   496   496
     145   1   1   1   0   1    453   494   495   495
     146   1   1   1   0   1    450   493   494   494
     147   1   1   1   0   1    449   492   493   493
     148   1   1   1   0   1    446   491   492   492
     149   1   1   1   0   1    445   490   491   491
     150   1   1   1   0   1    444   489   490   490
     151   1   1   1   0   1    443   488   489   489
     152   1   1   1   0   1    442   487   488   488
     153   1   1   1   0   1    441   486   487   487
     154   1   1   1   0   1    440   485   486   486
     155   1   1   1   0   1    439   484   485   485
     156   1   1   1   0   1    438   483   484   484
     157   1   1   1   0   1    437   482   483   483
     158   1   1   1   0   1    436   481   482   482
     159   1   1   1   0   1    435   480   481   481
     160   1   1   1   0   1    434   479   480   480
 
    ELEM MAT TYP REL ESY SEC        NODES
 
     161   1   1   1   0   1    433   478   479   479
     162   1   1   1   0   1    432   477   478   478
     163   1   1   1   0   1    431   476   477   477
     164   1   1   1   0   1    430   475   476   476
     165   1   1   1   0   1    429   474   475   475
     166   1   1   1   0   1    474   473   475   475
     167   1   1   1   0   1    473   472   512   512
     168   1   1   1   0   1    472   471   511   511
     169   1   1   1   0   1    471   470   511   511
     170   1   1   1   0   1    470   469   511   511
     171   1   1   1   0   1    469   468   510   510
     172   1   1   1   0   1    468   467   509   509
     173   1   1   1   0   1    467   466   508   508
     174   1   1   1   0   1    466   465   507   507
     175   1   1   1   0   1    465   464   506   506
     176   1   1   1   0   1    464   463   505   505
     177   1   1   1   0   1    463   462   504   504
     178   1   1   1   0   1    462   461   503   503
     179   1   1   1   0   1    461   460   502   502
     180   1   1   1   0   1    460   459   501   501
 
    ELEM MAT TYP REL ESY SEC        NODES
 
     181   1   1   1   0   1    459   458   500   500
     182   1   1   1   0   1    458   457   499   499
     183   1   1   1   0   1    457   456   498   498
     184   1   1   1   0   1    456   455   497   497
     185   1   1   1   0   1    455   454   496   496
     186   1   1   1   0   1    454   453   495   495
     187   1   1   1   0   1    453   452   494   494
     188   1   1   1   0   1    452   451   494   494
     189   1   1   1   0   1    451   450   494   494
     190   1   1   1   0   1    450   449   493   493
     191   1   1   1   0   1    449   448   492   492
     192   1   1   1   0   1    448   447   492   492
     193   1   1   1   0   1    447   446   492   492
     194   1   1   1   0   1    446   445   491   491
     195   1   1   1   0   1    445   444   490   490
     196   1   1   1   0   1    444   443   489   489
     197   1   1   1   0   1    443   442   488   488
     198   1   1   1   0   1    442   441   487   487
     199   1   1   1   0   1    441   440   486   486
     200   1   1   1   0   1    440   439   485   485
 
    ELEM MAT TYP REL ESY SEC        NODES
 
     201   1   1   1   0   1    439   438   484   484
     202   1   1   1   0   1    438   437   483   483
     203   1   1   1   0   1    437   436   482   482
     204   1   1   1   0   1    436   435   481   481
     205   1   1   1   0   1    435   434   480   480
     206   1   1   1   0   1    434   433   479   479
     207   1   1   1   0   1    433   432   478   478
     208   1   1   1   0   1    432   431   477   477
     209   1   1   1   0   1    431   430   476   476
     210   1   1   1   0   1    430   429   475   475
     211   1   1   1   0   1    428   474   429   429
     212   1   1   1   0   1    427   473   474   474
     213   1   1   1   0   1    426   472   473   473
     214   1   1   1   0   1    425   471   472   472
     215   1   1   1   0   1    471   424   470   470
     216   1   1   1   0   1    422   470   424   424
     217   1   1   1   0   1    421   469   470   470
     218   1   1   1   0   1    420   468   469   469
     219   1   1   1   0   1    419   467   468   468
     220   1   1   1   0   1    418   466   467   467
 
    ELEM MAT TYP REL ESY SEC        NODES
 
     221   1   1   1   0   1    417   465   466   466
     222   1   1   1   0   1    416   464   465   465
     223   1   1   1   0   1    415   463   464   464
     224   1   1   1   0   1    414   462   463   463
     225   1   1   1   0   1    413   461   462   462
     226   1   1   1   0   1    412   460   461   461
     227   1   1   1   0   1    411   459   460   460
     228   1   1   1   0   1    410   458   459   459
     229   1   1   1   0   1    409   457   458   458
     230   1   1   1   0   1    408   456   457   457
     231   1   1   1   0   1    407   455   456   456
     232   1   1   1   0   1    406   454   455   455
     233   1   1   1   0   1    405   453   454   454
     234   1   1   1   0   1    404   452   453   453
     235   1   1   1   0   1    400   450   451   451
     236   1   1   1   0   1    399   449   450   450
     237   1   1   1   0   1    398   448   449   449
     238   1   1   1   0   1    448   397   447   447
     239   1   1   1   0   1    395   447   397   397
     240   1   1   1   0   1    394   446   447   447
 
    ELEM MAT TYP REL ESY SEC        NODES
 
     241   1   1   1   0   1    393   445   446   446
     242   1   1   1   0   1    392   444   445   445
     243   1   1   1   0   1    391   443   444   444
     244   1   1   1   0   1    390   442   443   443
     245   1   1   1   0   1    389   441   442   442
     246   1   1   1   0   1    388   440   441   441
     247   1   1   1   0   1    387   439   440   440
     248   1   1   1   0   1    386   438   439   439
     249   1   1   1   0   1    385   437   438   438
     250   1   1   1   0   1    384   436   437   437
     251   1   1   1   0   1    383   435   436   436
     252   1   1   1   0   1    382   434   435   435
     253   1   1   1   0   1    381   433   434   434
     254   1   1   1   0   1    380   432   433   433
     255   1   1   1   0   1    379   431   432   432
     256   1   1   1   0   1    378   430   431   431
     257   1   1   1   0   1    377   429   430   430
     258   1   1   1   0   1    376   428   429   429
     259   1   1   1   0   1    428   427   474   474
     260   1   1   1   0   1    427   426   473   473
 
    ELEM MAT TYP REL ESY SEC        NODES
 
     261   1   1   1   0   1    426   425   472   472
     262   1   1   1   0   1    425   424   471   471
     263   1   1   1   0   1    423   422   424   424
     264   1   1   1   0   1    422   421   470   470
     265   1   1   1   0   1    421   420   469   469
     266   1   1   1   0   1    420   419   468   468
     267   1   1   1   0   1    419   418   467   467
     268   1   1   1   0   1    418   417   466   466
     269   1   1   1   0   1    417   416   465   465
     270   1   1   1   0   1    416   415   464   464
     271   1   1   1   0   1    415   414   463   463
     272   1   1   1   0   1    414   413   462   462
     273   1   1   1   0   1    413   412   461   461
     274   1   1   1   0   1    412   411   460   460
     275   1   1   1   0   1    411   410   459   459
     276   1   1   1   0   1    410   409   458   458
     277   1   1   1   0   1    409   408   457   457
     278   1   1   1   0   1    408   407   456   456
     279   1   1   1   0   1    407   406   455   455
     280   1   1   1   0   1    406   405   454   454
 
    ELEM MAT TYP REL ESY SEC        NODES
 
     281   1   1   1   0   1    405   404   453   453
     282   1   1   1   0   1    404   403   452   452
     283   1   1   1   0   1    402   401   403   403
     284   1   1   1   0   1    401   400   451   451
     285   1   1   1   0   1    400   399   450   450
     286   1   1   1   0   1    399   398   449   449
     287   1   1   1   0   1    398   397   448   448
     288   1   1   1   0   1    396   395   397   397
     289   1   1   1   0   1    395   394   447   447
     290   1   1   1   0   1    394   393   446   446
     291   1   1   1   0   1    393   392   445   445
     292   1   1   1   0   1    392   391   444   444
     293   1   1   1   0   1    391   390   443   443
     294   1   1   1   0   1    390   389   442   442
     295   1   1   1   0   1    389   388   441   441
     296   1   1   1   0   1    388   387   440   440
     297   1   1   1   0   1    387   386   439   439
     298   1   1   1   0   1    386   385   438   438
     299   1   1   1   0   1    385   384   437   437
     300   1   1   1   0   1    384   383   436   436
 
    ELEM MAT TYP REL ESY SEC        NODES
 
     301   1   1   1   0   1    383   382   435   435
     302   1   1   1   0   1    382   381   434   434
     303   1   1   1   0   1    381   380   433   433
     304   1   1   1   0   1    380   379   432   432
     305   1   1   1   0   1    379   378   431   431
     306   1   1   1   0   1    378   377   430   430
     307   1   1   1   0   1    377   376   429   429
     308   1   1   1   0   1    376   375   428   428
     309   1   1   1   0   1    374   428   375   375
     310   1   1   1   0   1    373   427   428   428
     311   1   1   1   0   1    372   426   427   427
     312   1   1   1   0   1    371   425   426   426
     313   1   1   1   0   1    370   424   425   425
     314   1   1   1   0   1    369   423   424   424
     315   1   1   1   0   1    367   422   423   423
     316   1   1   1   0   1    366   421   422   422
     317   1   1   1   0   1    365   420   421   421
     318   1   1   1   0   1    364   419   420   420
     319   1   1   1   0   1    363   418   419   419
     320   1   1   1   0   1    362   417   418   418
 
    ELEM MAT TYP REL ESY SEC        NODES
 
     321   1   1   1   0   1    361   416   417   417
     322   1   1   1   0   1    360   415   416   416
     323   1   1   1   0   1    359   414   415   415
     324   1   1   1   0   1    358   413   414   414
     325   1   1   1   0   1    357   412   413   413
     326   1   1   1   0   1    356   411   412   412
     327   1   1   1   0   1    355   410   411   411
     328   1   1   1   0   1    354   409   410   410
     329   1   1   1   0   1    353   408   409   409
     330   1   1   1   0   1    352   407   408   408
     331   1   1   1   0   1    351   406   407   407
     332   1   1   1   0   1    350   405   406   406
     333   1   1   1   0   1    349   404   405   405
     334   1   1   1   0   1    348   403   404   404
     335   1   1   1   0   1    347   402   403   403
     336   1   1   1   0   1    345   401   402   402
     337   1   1   1   0   1    344   400   401   401
     338   1   1   1   0   1    343   399   400   400
     339   1   1   1   0   1    342   398   399   399
     340   1   1   1   0   1    341   397   398   398
 
    ELEM MAT TYP REL ESY SEC        NODES
 
     341   1   1   1   0   1    340   396   397   397
     342   1   1   1   0   1    338   395   396   396
     343   1   1   1   0   1    337   394   395   395
     344   1   1   1   0   1    336   393   394   394
     345   1   1   1   0   1    335   392   393   393
     346   1   1   1   0   1    334   391   392   392
     347   1   1   1   0   1    333   390   391   391
     348   1   1   1   0   1    332   389   390   390
     349   1   1   1   0   1    331   388   389   389
     350   1   1   1   0   1    330   387   388   388
     351   1   1   1   0   1    329   386   387   387
     352   1   1   1   0   1    328   385   386   386
     353   1   1   1   0   1    327   384   385   385
     354   1   1   1   0   1    326   383   384   384
     355   1   1   1   0   1    325   382   383   383
     356   1   1   1   0   1    324   381   382   382
     357   1   1   1   0   1    323   380   381   381
     358   1   1   1   0   1    322   379   380   380
     359   1   1   1   0   1    321   378   379   379
     360   1   1   1   0   1    320   377   378   378
 
    ELEM MAT TYP REL ESY SEC        NODES
 
     361   1   1   1   0   1    319   376   377   377
     362   1   1   1   0   1    318   375   376   376
     363   1   1   1   0   1    317   374   375   375
     364   1   1   1   0   1    374   373   428   428
     365   1   1   1   0   1    373   372   427   427
     366   1   1   1   0   1    372   371   426   426
     367   1   1   1   0   1    371   370   425   425
     368   1   1   1   0   1    370   369   424   424
     369   1   1   1   0   1    369   368   423   423
     370   1   1   1   0   1    368   367   423   423
     371   1   1   1   0   1    367   366   422   422
     372   1   1   1   0   1    366   365   421   421
     373   1   1   1   0   1    365   364   420   420
     374   1   1   1   0   1    364   363   419   419
     375   1   1   1   0   1    363   362   418   418
     376   1   1   1   0   1    362   361   417   417
     377   1   1   1   0   1    361   360   416   416
     378   1   1   1   0   1    360   359   415   415
     379   1   1   1   0   1    359   358   414   414
     380   1   1   1   0   1    358   357   413   413
 
    ELEM MAT TYP REL ESY SEC        NODES
 
     381   1   1   1   0   1    357   356   412   412
     382   1   1   1   0   1    356   355   411   411
     383   1   1   1   0   1    355   354   410   410
     384   1   1   1   0   1    354   353   409   409
     385   1   1   1   0   1    353   352   408   408
     386   1   1   1   0   1    352   351   407   407
     387   1   1   1   0   1    351   350   406   406
     388   1   1   1   0   1    350   349   405   405
     389   1   1   1   0   1    349   348   404   404
     390   1   1   1   0   1    348   347   403   403
     391   1   1   1   0   1    347   346   402   402
     392   1   1   1   0   1    346   345   402   402
     393   1   1   1   0   1    345   344   401   401
     394   1   1   1   0   1    344   343   400   400
     395   1   1   1   0   1    343   342   399   399
     396   1   1   1   0   1    342   341   398   398
     397   1   1   1   0   1    341   340   397   397
     398   1   1   1   0   1    340   339   396   396
     399   1   1   1   0   1    339   338   396   396
     400   1   1   1   0   1    338   337   395   395
 
    ELEM MAT TYP REL ESY SEC        NODES
 
     401   1   1   1   0   1    337   336   394   394
     402   1   1   1   0   1    336   335   393   393
     403   1   1   1   0   1    335   334   392   392
     404   1   1   1   0   1    334   333   391   391
     405   1   1   1   0   1    333   332   390   390
     406   1   1   1   0   1    332   331   389   389
     407   1   1   1   0   1    331   330   388   388
     408   1   1   1   0   1    330   329   387   387
     409   1   1   1   0   1    329   328   386   386
     410   1   1   1   0   1    328   327   385   385
     411   1   1   1   0   1    327   326   384   384
     412   1   1   1   0   1    326   325   383   383
     413   1   1   1   0   1    325   324   382   382
     414   1   1   1   0   1    324   323   381   381
     415   1   1   1   0   1    323   322   380   380
     416   1   1   1   0   1    322   321   379   379
     417   1   1   1   0   1    321   320   378   378
     418   1   1   1   0   1    320   319   377   377
     419   1   1   1   0   1    319   318   376   376
     420   1   1   1   0   1    318   317   375   375
 
    ELEM MAT TYP REL ESY SEC        NODES
 
     421   1   1   1   0   1    315   374   317   317
     422   1   1   1   0   1    314   373   374   374
     423   1   1   1   0   1    313   372   373   373
     424   1   1   1   0   1    312   371   372   372
     425   1   1   1   0   1    311   370   371   371
     426   1   1   1   0   1    310   369   370   370
     427   1   1   1   0   1    309   368   369   369
     428   1   1   1   0   1    306   368   308   308
     429   1   1   1   0   1    305   367   368   368
     430   1   1   1   0   1    304   366   367   367
     431   1   1   1   0   1    303   365   366   366
     432   1   1   1   0   1    302   364   365   365
     433   1   1   1   0   1    301   363   364   364
     434   1   1   1   0   1    300   362   363   363
     435   1   1   1   0   1    299   361   362   362
     436   1   1   1   0   1    298   360   361   361
     437   1   1   1   0   1    297   359   360   360
     438   1   1   1   0   1    296   358   359   359
     439   1   1   1   0   1    295   357   358   358
     440   1   1   1   0   1    294   356   357   357
 
    ELEM MAT TYP REL ESY SEC        NODES
 
     441   1   1   1   0   1    293   355   356   356
     442   1   1   1   0   1    292   354   355   355
     443   1   1   1   0   1    291   353   354   354
     444   1   1   1   0   1    290   352   353   353
     445   1   1   1   0   1    289   351   352   352
     446   1   1   1   0   1    288   350   351   351
     447   1   1   1   0   1    287   349   350   350
     448   1   1   1   0   1    286   348   349   349
     449   1   1   1   0   1    285   347   348   348
     450   1   1   1   0   1    284   346   347   347
     451   1   1   1   0   1    281   346   283   283
     452   1   1   1   0   1    280   345   346   346
     453   1   1   1   0   1    279   344   345   345
     454   1   1   1   0   1    278   343   344   344
     455   1   1   1   0   1    277   342   343   343
     456   1   1   1   0   1    276   341   342   342
     457   1   1   1   0   1    275   340   341   341
     458   1   1   1   0   1    274   339   340   340
     459   1   1   1   0   1    271   339   273   273
     460   1   1   1   0   1    270   338   339   339
 
    ELEM MAT TYP REL ESY SEC        NODES
 
     461   1   1   1   0   1    269   337   338   338
     462   1   1   1   0   1    268   336   337   337
     463   1   1   1   0   1    267   335   336   336
     464   1   1   1   0   1    266   334   335   335
     465   1   1   1   0   1    265   333   334   334
     466   1   1   1   0   1    264   332   333   333
     467   1   1   1   0   1    263   331   332   332
     468   1   1   1   0   1    262   330   331   331
     469   1   1   1   0   1    261   329   330   330
     470   1   1   1   0   1    260   328   329   329
     471   1   1   1   0   1    259   327   328   328
     472   1   1   1   0   1    258   326   327   327
     473   1   1   1   0   1    257   325   326   326
     474   1   1   1   0   1    256   324   325   325
     475   1   1   1   0   1    255   323   324   324
     476   1   1   1   0   1    254   322   323   323
     477   1   1   1   0   1    253   321   322   322
     478   1   1   1   0   1    252   320   321   321
     479   1   1   1   0   1    251   319   320   320
     480   1   1   1   0   1    250   318   319   319
 
    ELEM MAT TYP REL ESY SEC        NODES
 
     481   1   1   1   0   1    249   317   318   318
     482   1   1   1   0   1    248   316   317   317
     483   1   1   1   0   1    316   315   317   317
     484   1   1   1   0   1    315   314   374   374
     485   1   1   1   0   1    314   313   373   373
     486   1   1   1   0   1    313   312   372   372
     487   1   1   1   0   1    312   311   371   371
     488   1   1   1   0   1    311   310   370   370
     489   1   1   1   0   1    310   309   369   369
     490   1   1   1   0   1    309   308   368   368
     491   1   1   1   0   1    307   306   308   308
     492   1   1   1   0   1    306   305   368   368
     493   1   1   1   0   1    305   304   367   367
     494   1   1   1   0   1    304   303   366   366
     495   1   1   1   0   1    303   302   365   365
     496   1   1   1   0   1    302   301   364   364
     497   1   1   1   0   1    301   300   363   363
     498   1   1   1   0   1    300   299   362   362
     499   1   1   1   0   1    299   298   361   361
     500   1   1   1   0   1    298   297   360   360
 
    ELEM MAT TYP REL ESY SEC        NODES
 
     501   1   1   1   0   1    297   296   359   359
     502   1   1   1   0   1    296   295   358   358
     503   1   1   1   0   1    295   294   357   357
     504   1   1   1   0   1    294   293   356   356
     505   1   1   1   0   1    293   292   355   355
     506   1   1   1   0   1    292   291   354   354
     507   1   1   1   0   1    291   290   353   353
     508   1   1   1   0   1    290   289   352   352
     509   1   1   1   0   1    289   288   351   351
     510   1   1   1   0   1    288   287   350   350
     511   1   1   1   0   1    287   286   349   349
     512   1   1   1   0   1    286   285   348   348
     513   1   1   1   0   1    285   284   347   347
     514   1   1   1   0   1    284   283   346   346
     515   1   1   1   0   1    282   281   283   283
     516   1   1   1   0   1    281   280   346   346
     517   1   1   1   0   1    280   279   345   345
     518   1   1   1   0   1    279   278   344   344
     519   1   1   1   0   1    278   277   343   343
     520   1   1   1   0   1    277   276   342   342
 
    ELEM MAT TYP REL ESY SEC        NODES
 
     521   1   1   1   0   1    276   275   341   341
     522   1   1   1   0   1    275   274   340   340
     523   1   1   1   0   1    274   273   339   339
     524   1   1   1   0   1    272   271   273   273
     525   1   1   1   0   1    271   270   339   339
     526   1   1   1   0   1    270   269   338   338
     527   1   1   1   0   1    269   268   337   337
     528   1   1   1   0   1    268   267   336   336
     529   1   1   1   0   1    267   266   335   335
     530   1   1   1   0   1    266   265   334   334
     531   1   1   1   0   1    265   264   333   333
     532   1   1   1   0   1    264   263   332   332
     533   1   1   1   0   1    263   262   331   331
     534   1   1   1   0   1    262   261   330   330
     535   1   1   1   0   1    261   260   329   329
     536   1   1   1   0   1    260   259   328   328
     537   1   1   1   0   1    259   258   327   327
     538   1   1   1   0   1    258   257   326   326
     539   1   1   1   0   1    257   256   325   325
     540   1   1   1   0   1    256   255   324   324
 
    ELEM MAT TYP REL ESY SEC        NODES
 
     541   1   1   1   0   1    255   254   323   323
     542   1   1   1   0   1    254   253   322   322
     543   1   1   1   0   1    253   252   321   321
     544   1   1   1   0   1    252   251   320   320
     545   1   1   1   0   1    251   250   319   319
     546   1   1   1   0   1    250   249   318   318
     547   1   1   1   0   1    249   248   317   317
     548   1   1   1   0   1    248   247   316   316
     549   1   1   1   0   1    246   316   247   247
     550   1   1   1   0   1    245   315   316   316
     551   1   1   1   0   1    244   314   315   315
     552   1   1   1   0   1    243   313   314   314
     553   1   1   1   0   1    242   312   313   313
     554   1   1   1   0   1    241   311   312   312
     555   1   1   1   0   1    240   310   311   311
     556   1   1   1   0   1    239   309   310   310
     557   1   1   1   0   1    238   308   309   309
     558   1   1   1   0   1    237   307   308   308
     559   1   1   1   0   1    235   306   307   307
     560   1   1   1   0   1    234   305   306   306
 
    ELEM MAT TYP REL ESY SEC        NODES
 
     561   1   1   1   0   1    233   304   305   305
     562   1   1   1   0   1    232   303   304   304
     563   1   1   1   0   1    231   302   303   303
     564   1   1   1   0   1    230   301   302   302
     565   1   1   1   0   1    229   300   301   301
     566   1   1   1   0   1    228   299   300   300
     567   1   1   1   0   1    227   298   299   299
     568   1   1   1   0   1    226   297   298   298
     569   1   1   1   0   1    225   296   297   297
     570   1   1   1   0   1    224   295   296   296
     571   1   1   1   0   1    223   294   295   295
     572   1   1   1   0   1    222   293   294   294
     573   1   1   1   0   1    221   292   293   293
     574   1   1   1   0   1    220   291   292   292
     575   1   1   1   0   1    219   290   291   291
     576   1   1   1   0   1    218   289   290   290
     577   1   1   1   0   1    217   288   289   289
     578   1   1   1   0   1    216   287   288   288
     579   1   1   1   0   1    215   286   287   287
     580   1   1   1   0   1    214   285   286   286
 
    ELEM MAT TYP REL ESY SEC        NODES
 
     581   1   1   1   0   1    213   284   285   285
     582   1   1   1   0   1    212   283   284   284
     583   1   1   1   0   1    211   282   283   283
     584   1   1   1   0   1    209   281   282   282
     585   1   1   1   0   1    208   280   281   281
     586   1   1   1   0   1    207   279   280   280
     587   1   1   1   0   1    206   278   279   279
     588   1   1   1   0   1    205   277   278   278
     589   1   1   1   0   1    204   276   277   277
     590   1   1   1   0   1    203   275   276   276
     591   1   1   1   0   1    202   274   275   275
     592   1   1   1   0   1    201   273   274   274
     593   1   1   1   0   1    200   272   273   273
     594   1   1   1   0   1    198   271   272   272
     595   1   1   1   0   1    197   270   271   271
     596   1   1   1   0   1    196   269   270   270
     597   1   1   1   0   1    195   268   269   269
     598   1   1   1   0   1    194   267   268   268
     599   1   1   1   0   1    193   266   267   267
     600   1   1   1   0   1    192   265   266   266
 
    ELEM MAT TYP REL ESY SEC        NODES
 
     601   1   1   1   0   1    191   264   265   265
     602   1   1   1   0   1    190   263   264   264
     603   1   1   1   0   1    189   262   263   263
     604   1   1   1   0   1    188   261   262   262
     605   1   1   1   0   1    187   260   261   261
     606   1   1   1   0   1    186   259   260   260
     607   1   1   1   0   1    185   258   259   259
     608   1   1   1   0   1    184   257   258   258
     609   1   1   1   0   1    183   256   257   257
     610   1   1   1   0   1    182   255   256   256
     611   1   1   1   0   1    181   254   255   255
     612   1   1   1   0   1    180   253   254   254
     613   1   1   1   0   1    179   252   253   253
     614   1   1   1   0   1    178   251   252   252
     615   1   1   1   0   1    177   250   251   251
     616   1   1   1   0   1    176   249   250   250
     617   1   1   1   0   1    175   248   249   249
     618   1   1   1   0   1    174   247   248   248
     619   1   1   1   0   1    173   246   247   247
     620   1   1   1   0   1    246   245   316   316
 
    ELEM MAT TYP REL ESY SEC        NODES
 
     621   1   1   1   0   1    245   244   315   315
     622   1   1   1   0   1    244   243   314   314
     623   1   1   1   0   1    243   242   313   313
     624   1   1   1   0   1    242   241   312   312
     625   1   1   1   0   1    241   240   311   311
     626   1   1   1   0   1    240   239   310   310
     627   1   1   1   0   1    239   238   309   309
     628   1   1   1   0   1    238   237   308   308
     629   1   1   1   0   1    237   236   307   307
     630   1   1   1   0   1    236   235   307   307
     631   1   1   1   0   1    235   234   306   306
     632   1   1   1   0   1    234   233   305   305
     633   1   1   1   0   1    233   232   304   304
     634   1   1   1   0   1    232   231   303   303
     635   1   1   1   0   1    231   230   302   302
     636   1   1   1   0   1    230   229   301   301
     637   1   1   1   0   1    229   228   300   300
     638   1   1   1   0   1    228   227   299   299
     639   1   1   1   0   1    227   226   298   298
     640   1   1   1   0   1    226   225   297   297
 
    ELEM MAT TYP REL ESY SEC        NODES
 
     641   1   1   1   0   1    225   224   296   296
     642   1   1   1   0   1    224   223   295   295
     643   1   1   1   0   1    223   222   294   294
     644   1   1   1   0   1    222   221   293   293
     645   1   1   1   0   1    221   220   292   292
     646   1   1   1   0   1    220   219   291   291
     647   1   1   1   0   1    219   218   290   290
     648   1   1   1   0   1    218   217   289   289
     649   1   1   1   0   1    217   216   288   288
     650   1   1   1   0   1    216   215   287   287
     651   1   1   1   0   1    215   214   286   286
     652   1   1   1   0   1    214   213   285   285
     653   1   1   1   0   1    213   212   284   284
     654   1   1   1   0   1    212   211   283   283
     655   1   1   1   0   1    211   210   282   282
     656   1   1   1   0   1    210   209   282   282
     657   1   1   1   0   1    209   208   281   281
     658   1   1   1   0   1    208   207   280   280
     659   1   1   1   0   1    207   206   279   279
     660   1   1   1   0   1    206   205   278   278
 
    ELEM MAT TYP REL ESY SEC        NODES
 
     661   1   1   1   0   1    205   204   277   277
     662   1   1   1   0   1    204   203   276   276
     663   1   1   1   0   1    203   202   275   275
     664   1   1   1   0   1    202   201   274   274
     665   1   1   1   0   1    201   200   273   273
     666   1   1   1   0   1    200   199   272   272
     667   1   1   1   0   1    199   198   272   272
     668   1   1   1   0   1    198   197   271   271
     669   1   1   1   0   1    197   196   270   270
     670   1   1   1   0   1    196   195   269   269
     671   1   1   1   0   1    195   194   268   268
     672   1   1   1   0   1    194   193   267   267
     673   1   1   1   0   1    193   192   266   266
     674   1   1   1   0   1    192   191   265   265
     675   1   1   1   0   1    191   190   264   264
     676   1   1   1   0   1    190   189   263   263
     677   1   1   1   0   1    189   188   262   262
     678   1   1   1   0   1    188   187   261   261
     679   1   1   1   0   1    187   186   260   260
     680   1   1   1   0   1    186   185   259   259
 
    ELEM MAT TYP REL ESY SEC        NODES
 
     681   1   1   1   0   1    185   184   258   258
     682   1   1   1   0   1    184   183   257   257
     683   1   1   1   0   1    183   182   256   256
     684   1   1   1   0   1    182   181   255   255
     685   1   1   1   0   1    181   180   254   254
     686   1   1   1   0   1    180   179   253   253
     687   1   1   1   0   1    179   178   252   252
     688   1   1   1   0   1    178   177   251   251
     689   1   1   1   0   1    177   176   250   250
     690   1   1   1   0   1    176   175   249   249
     691   1   1   1   0   1    175   174   248   248
     692   1   1   1   0   1    174   173   247   247
     693   1   1   1   0   1    171   246   173   173
     694   1   1   1   0   1    170   245   246   246
     695   1   1   1   0   1    169   244   245   245
     696   1   1   1   0   1    168   243   244   244
     697   1   1   1   0   1    167   242   243   243
     698   1   1   1   0   1    166   241   242   242
     699   1   1   1   0   1    165   240   241   241
     700   1   1   1   0   1    164   239   240   240
 
    ELEM MAT TYP REL ESY SEC        NODES
 
     701   1   1   1   0   1    163   238   239   239
     702   1   1   1   0   1    162   237   238   238
     703   1   1   1   0   1    161   236   237   237
     704   1   1   1   0   1    158   235   236   236
     705   1   1   1   0   1    157   234   235   235
     706   1   1   1   0   1    156   233   234   234
     707   1   1   1   0   1    155   232   233   233
     708   1   1   1   0   1    154   231   232   232
     709   1   1   1   0   1    153   230   231   231
     710   1   1   1   0   1    152   229   230   230
     711   1   1   1   0   1    151   228   229   229
     712   1   1   1   0   1    150   227   228   228
     713   1   1   1   0   1    149   226   227   227
     714   1   1   1   0   1    148   225   226   226
     715   1   1   1   0   1    147   224   225   225
     716   1   1   1   0   1    146   223   224   224
     717   1   1   1   0   1    145   222   223   223
     718   1   1   1   0   1    144   221   222   222
     719   1   1   1   0   1    143   220   221   221
     720   1   1   1   0   1    142   219   220   220
 
    ELEM MAT TYP REL ESY SEC        NODES
 
     721   1   1   1   0   1    141   218   219   219
     722   1   1   1   0   1    140   217   218   218
     723   1   1   1   0   1    139   216   217   217
     724   1   1   1   0   1    138   215   216   216
     725   1   1   1   0   1    137   214   215   215
     726   1   1   1   0   1    136   213   214   214
     727   1   1   1   0   1    135   212   213   213
     728   1   1   1   0   1    134   211   212   212
     729   1   1   1   0   1    133   210   211   211
     730   1   1   1   0   1    130   209   210   210
     731   1   1   1   0   1    129   208   209   209
     732   1   1   1   0   1    128   207   208   208
     733   1   1   1   0   1    127   206   207   207
     734   1   1   1   0   1    126   205   206   206
     735   1   1   1   0   1    125   204   205   205
     736   1   1   1   0   1    124   203   204   204
     737   1   1   1   0   1    123   202   203   203
     738   1   1   1   0   1    122   201   202   202
     739   1   1   1   0   1    121   200   201   201
     740   1   1   1   0   1    120   199   200   200
 
    ELEM MAT TYP REL ESY SEC        NODES
 
     741   1   1   1   0   1    117   198   199   199
     742   1   1   1   0   1    116   197   198   198
     743   1   1   1   0   1    115   196   197   197
     744   1   1   1   0   1    114   195   196   196
     745   1   1   1   0   1    113   194   195   195
     746   1   1   1   0   1    112   193   194   194
     747   1   1   1   0   1    111   192   193   193
     748   1   1   1   0   1    110   191   192   192
     749   1   1   1   0   1    109   190   191   191
     750   1   1   1   0   1    108   189   190   190
     751   1   1   1   0   1    107   188   189   189
     752   1   1   1   0   1    106   187   188   188
     753   1   1   1   0   1    105   186   187   187
     754   1   1   1   0   1    104   185   186   186
     755   1   1   1   0   1    103   184   185   185
     756   1   1   1   0   1    102   183   184   184
     757   1   1   1   0   1    101   182   183   183
     758   1   1   1   0   1    100   181   182   182
     759   1   1   1   0   1     99   180   181   181
     760   1   1   1   0   1     98   179   180   180
 
    ELEM MAT TYP REL ESY SEC        NODES
 
     761   1   1   1   0   1     97   178   179   179
     762   1   1   1   0   1     96   177   178   178
     763   1   1   1   0   1     95   176   177   177
     764   1   1   1   0   1     94   175   176   176
     765   1   1   1   0   1     93   174   175   175
     766   1   1   1   0   1     92   173   174   174
     767   1   1   1   0   1    172   171   173   173
     768   1   1   1   0   1    171   170   246   246
     769   1   1   1   0   1    170   169   245   245
     770   1   1   1   0   1    169   168   244   244
     771   1   1   1   0   1    168   167   243   243
     772   1   1   1   0   1    167   166   242   242
     773   1   1   1   0   1    166   165   241   241
     774   1   1   1   0   1    165   164   240   240
     775   1   1   1   0   1    164   163   239   239
     776   1   1   1   0   1    163   162   238   238
     777   1   1   1   0   1    162   161   237   237
     778   1   1   1   0   1    161   160   236   236
     779   1   1   1   0   1    160   159   236   236
     780   1   1   1   0   1    159   158   236   236
 
    ELEM MAT TYP REL ESY SEC        NODES
 
     781   1   1   1   0   1    158   157   235   235
     782   1   1   1   0   1    157   156   234   234
     783   1   1   1   0   1    156   155   233   233
     784   1   1   1   0   1    155   154   232   232
     785   1   1   1   0   1    154   153   231   231
     786   1   1   1   0   1    153   152   230   230
     787   1   1   1   0   1    152   151   229   229
     788   1   1   1   0   1    151   150   228   228
     789   1   1   1   0   1    150   149   227   227
     790   1   1   1   0   1    149   148   226   226
     791   1   1   1   0   1    148   147   225   225
     792   1   1   1   0   1    147   146   224   224
     793   1   1   1   0   1    146   145   223   223
     794   1   1   1   0   1    145   144   222   222
     795   1   1   1   0   1    144   143   221   221
     796   1   1   1   0   1    143   142   220   220
     797   1   1   1   0   1    142   141   219   219
     798   1   1   1   0   1    141   140   218   218
     799   1   1   1   0   1    140   139   217   217
     800   1   1   1   0   1    139   138   216   216
 
    ELEM MAT TYP REL ESY SEC        NODES
 
     801   1   1   1   0   1    138   137   215   215
     802   1   1   1   0   1    137   136   214   214
     803   1   1   1   0   1    136   135   213   213
     804   1   1   1   0   1    135   134   212   212
     805   1   1   1   0   1    134   133   211   211
     806   1   1   1   0   1    133   132   210   210
     807   1   1   1   0   1    132   131   210   210
     808   1   1   1   0   1    131   130   210   210
     809   1   1   1   0   1    130   129   209   209
     810   1   1   1   0   1    129   128   208   208
     811   1   1   1   0   1    128   127   207   207
     812   1   1   1   0   1    127   126   206   206
     813   1   1   1   0   1    126   125   205   205
     814   1   1   1   0   1    125   124   204   204
     815   1   1   1   0   1    124   123   203   203
     816   1   1   1   0   1    123   122   202   202
     817   1   1   1   0   1    122   121   201   201
     818   1   1   1   0   1    121   120   200   200
     819   1   1   1   0   1    120   119   199   199
     820   1   1   1   0   1    119   118   199   199
 
    ELEM MAT TYP REL ESY SEC        NODES
 
     821   1   1   1   0   1    118   117   199   199
     822   1   1   1   0   1    117   116   198   198
     823   1   1   1   0   1    116   115   197   197
     824   1   1   1   0   1    115   114   196   196
     825   1   1   1   0   1    114   113   195   195
     826   1   1   1   0   1    113   112   194   194
     827   1   1   1   0   1    112   111   193   193
     828   1   1   1   0   1    111   110   192   192
     829   1   1   1   0   1    110   109   191   191
     830   1   1   1   0   1    109   108   190   190
     831   1   1   1   0   1    108   107   189   189
     832   1   1   1   0   1    107   106   188   188
     833   1   1   1   0   1    106   105   187   187
     834   1   1   1   0   1    105   104   186   186
     835   1   1   1   0   1    104   103   185   185
     836   1   1   1   0   1    103   102   184   184
     837   1   1   1   0   1    102   101   183   183
     838   1   1   1   0   1    101   100   182   182
     839   1   1   1   0   1    100    99   181   181
     840   1   1   1   0   1     99    98   180   180
 
    ELEM MAT TYP REL ESY SEC        NODES
 
     841   1   1   1   0   1     98    97   179   179
     842   1   1   1   0   1     97    96   178   178
     843   1   1   1   0   1     96    95   177   177
     844   1   1   1   0   1     95    94   176   176
     845   1   1   1   0   1     94    93   175   175
     846   1   1   1   0   1     93    92   174   174
     847   1   1   1   0   1     92    91   173   173
     848   1   1   1   0   1     91   172   173   173
     849   1   1   1   0   1      4   171   172   172
     850   1   1   1   0   1      5   170   171   171
     851   1   1   1   0   1      6   169   170   170
     852   1   1   1   0   1      7   168   169   169
     853   1   1   1   0   1      8   167   168   168
     854   1   1   1   0   1      9   166   167   167
     855   1   1   1   0   1     10   165   166   166
     856   1   1   1   0   1     11   164   165   165
     857   1   1   1   0   1     12   163   164   164
     858   1   1   1   0   1     13   162   163   163
     859   1   1   1   0   1     14   161   162   162
     860   1   1   1   0   1     15   160   161   161
 
    ELEM MAT TYP REL ESY SEC        NODES
 
     861   1   1   1   0   1     19   158   159   159
     862   1   1   1   0   1     20   157   158   158
     863   1   1   1   0   1     21   156   157   157
     864   1   1   1   0   1     22   155   156   156
     865   1   1   1   0   1     23   154   155   155
     866   1   1   1   0   1     24   153   154   154
     867   1   1   1   0   1     25   152   153   153
     868   1   1   1   0   1     26   151   152   152
     869   1   1   1   0   1     27   150   151   151
     870   1   1   1   0   1     28   149   150   150
     871   1   1   1   0   1     29   148   149   149
     872   1   1   1   0   1     30   147   148   148
     873   1   1   1   0   1     31   146   147   147
     874   1   1   1   0   1     32   145   146   146
     875   1   1   1   0   1     33   144   145   145
     876   1   1   1   0   1     34   143   144   144
     877   1   1   1   0   1     35   142   143   143
     878   1   1   1   0   1     36   141   142   142
     879   1   1   1   0   1     37   140   141   141
     880   1   1   1   0   1     38   139   140   140
 
    ELEM MAT TYP REL ESY SEC        NODES
 
     881   1   1   1   0   1     39   138   139   139
     882   1   1   1   0   1     40   137   138   138
     883   1   1   1   0   1     41   136   137   137
     884   1   1   1   0   1     42   135   136   136
     885   1   1   1   0   1     43   134   135   135
     886   1   1   1   0   1     44   133   134   134
     887   1   1   1   0   1     45   132   133   133
     888   1   1   1   0   1     49   130   131   131
     889   1   1   1   0   1     50   129   130   130
     890   1   1   1   0   1     51   128   129   129
     891   1   1   1   0   1     52   127   128   128
     892   1   1   1   0   1     53   126   127   127
     893   1   1   1   0   1     54   125   126   126
     894   1   1   1   0   1     55   124   125   125
     895   1   1   1   0   1     56   123   124   124
     896   1   1   1   0   1     57   122   123   123
     897   1   1   1   0   1     58   121   122   122
     898   1   1   1   0   1     59   120   121   121
     899   1   1   1   0   1     60   119   120   120
     900   1   1   1   0   1     63   117   118   118
 
    ELEM MAT TYP REL ESY SEC        NODES
 
     901   1   1   1   0   1     64   116   117   117
     902   1   1   1   0   1     65   115   116   116
     903   1   1   1   0   1     66   114   115   115
     904   1   1   1   0   1     67   113   114   114
     905   1   1   1   0   1     68   112   113   113
     906   1   1   1   0   1     69   111   112   112
     907   1   1   1   0   1     70   110   111   111
     908   1   1   1   0   1     71   109   110   110
     909   1   1   1   0   1     72   108   109   109
     910   1   1   1   0   1     73   107   108   108
     911   1   1   1   0   1     74   106   107   107
     912   1   1   1   0   1     75   105   106   106
     913   1   1   1   0   1     76   104   105   105
     914   1   1   1   0   1     77   103   104   104
     915   1   1   1   0   1     78   102   103   103
     916   1   1   1   0   1     79   101   102   102
     917   1   1   1   0   1     80   100   101   101
     918   1   1   1   0   1     81    99   100   100
     919   1   1   1   0   1     82    98    99    99
     920   1   1   1   0   1     83    97    98    98
 
    ELEM MAT TYP REL ESY SEC        NODES
 
     921   1   1   1   0   1     84    96    97    97
     922   1   1   1   0   1     85    95    96    96
     923   1   1   1   0   1     86    94    95    95
     924   1   1   1   0   1     87    93    94    94
     925   1   1   1   0   1     88    92    93    93
     926   1   1   1   0   1     89    91    92    92
     927   1   1   1   0   1      3     4   172   172
     928   1   1   1   0   1      4     5   171   171
     929   1   1   1   0   1      5     6   170   170
     930   1   1   1   0   1      6     7   169   169
     931   1   1   1   0   1      7     8   168   168
     932   1   1   1   0   1      8     9   167   167
     933   1   1   1   0   1      9    10   166   166
     934   1   1   1   0   1     10    11   165   165
     935   1   1   1   0   1     11    12   164   164
     936   1   1   1   0   1     12    13   163   163
     937   1   1   1   0   1     13    14   162   162
     938   1   1   1   0   1     14    15   161   161
     939   1   1   1   0   1     15    16   160   160
     940   1   1   1   0   1     18    19   159   159
 
    ELEM MAT TYP REL ESY SEC        NODES
 
     941   1   1   1   0   1     19    20   158   158
     942   1   1   1   0   1     20    21   157   157
     943   1   1   1   0   1     21    22   156   156
     944   1   1   1   0   1     22    23   155   155
     945   1   1   1   0   1     23    24   154   154
     946   1   1   1   0   1     24    25   153   153
     947   1   1   1   0   1     25    26   152   152
     948   1   1   1   0   1     26    27   151   151
     949   1   1   1   0   1     27    28   150   150
     950   1   1   1   0   1     28    29   149   149
     951   1   1   1   0   1     29    30   148   148
     952   1   1   1   0   1     30    31   147   147
     953   1   1   1   0   1     31    32   146   146
     954   1   1   1   0   1     32    33   145   145
     955   1   1   1   0   1     33    34   144   144
     956   1   1   1   0   1     34    35   143   143
     957   1   1   1   0   1     35    36   142   142
     958   1   1   1   0   1     36    37   141   141
     959   1   1   1   0   1     37    38   140   140
     960   1   1   1   0   1     38    39   139   139
 
    ELEM MAT TYP REL ESY SEC        NODES
 
     961   1   1   1   0   1     39    40   138   138
     962   1   1   1   0   1     40    41   137   137
     963   1   1   1   0   1     41    42   136   136
     964   1   1   1   0   1     42    43   135   135
     965   1   1   1   0   1     43    44   134   134
     966   1   1   1   0   1     44    45   133   133
     967   1   1   1   0   1     45    46   132   132
     968   1   1   1   0   1     48    49   131   131
     969   1   1   1   0   1     49    50   130   130
     970   1   1   1   0   1     50    51   129   129
     971   1   1   1   0   1     51    52   128   128
     972   1   1   1   0   1     52    53   127   127
     973   1   1   1   0   1     53    54   126   126
     974   1   1   1   0   1     54    55   125   125
     975   1   1   1   0   1     55    56   124   124
     976   1   1   1   0   1     56    57   123   123
     977   1   1   1   0   1     57    58   122   122
     978   1   1   1   0   1     58    59   121   121
     979   1   1   1   0   1     59    60   120   120
     980   1   1   1   0   1     60    61   119   119
 
    ELEM MAT TYP REL ESY SEC        NODES
 
     981   1   1   1   0   1     62    63   118   118
     982   1   1   1   0   1     63    64   117   117
     983   1   1   1   0   1     64    65   116   116
     984   1   1   1   0   1     65    66   115   115
     985   1   1   1   0   1     66    67   114   114
     986   1   1   1   0   1     67    68   113   113
     987   1   1   1   0   1     68    69   112   112
     988   1   1   1   0   1     69    70   111   111
     989   1   1   1   0   1     70    71   110   110
     990   1   1   1   0   1     71    72   109   109
     991   1   1   1   0   1     72    73   108   108
     992   1   1   1   0   1     73    74   107   107
     993   1   1   1   0   1     74    75   106   106
     994   1   1   1   0   1     75    76   105   105
     995   1   1   1   0   1     76    77   104   104
     996   1   1   1   0   1     77    78   103   103
     997   1   1   1   0   1     78    79   102   102
     998   1   1   1   0   1     79    80   101   101
     999   1   1   1   0   1     80    81   100   100
    1000   1   1   1   0   1     81    82    99    99
 
    ELEM MAT TYP REL ESY SEC        NODES
 
    1001   1   1   1   0   1     82    83    98    98
    1002   1   1   1   0   1     83    84    97    97
    1003   1   1   1   0   1     84    85    96    96
    1004   1   1   1   0   1     85    86    95    95
    1005   1   1   1   0   1     86    87    94    94
    1006   1   1   1   0   1     87    88    93    93
    1007   1   1   1   0   1     88    89    92    92
    1008   1   1   1   0   1     89    90    91    91
