600.000000
500.000000
593.330000
586.670000
580.000000
573.330000
566.670000
560.000000
553.330000
546.670000
540.000000
533.330000
526.670000
520.000000
513.330000
506.670000
700.000000
506.670000
513.330000
520.000000
526.670000
533.330000
540.000000
546.670000
553.330000
560.000000
566.670000
573.330000
580.000000
586.670000
593.330000
600.000000
606.670000
613.330000
620.000000
626.670000
633.330000
640.000000
646.670000
653.330000
660.000000
666.670000
673.330000
680.000000
686.670000
693.330000
1000.000000
720.010000
739.990000
760.000000
780.010000
799.990000
820.000000
840.010000
859.990000
880.000000
900.010000
919.990000
940.000000
960.010000
979.990000
986.660000
973.340000
960.000000
946.660000
933.340000
920.000000
906.660000
893.340000
880.000000
866.660000
853.340000
840.000000
826.660000
813.340000
800.000000
786.660000
773.340000
760.000000
746.660000
733.340000
720.000000
706.660000
693.340000
680.000000
666.660000
653.340000
640.000000
626.660000
613.340000
613.614912
625.967266
639.324983
652.304640
665.454141
678.389859
691.345000
704.300141
717.235859
730.191000
743.146141
756.081859
769.037000
781.992141
794.927859
807.883000
820.838141
833.773859
846.729000
859.684141
872.619859
885.575000
898.530141
911.465859
924.475940
937.517920
950.655644
964.806352
960.364177
939.975124
920.145260
900.390968
880.686856
860.970141
841.345000
821.719859
802.124141
782.211648
762.412661
742.484356
723.573648
706.205823
700.824876
693.194740
685.949032
678.793144
671.479859
664.425000
657.370141
650.325859
643.271000
636.216141
629.171859
622.117000
615.062141
608.017859
600.963000
593.908141
586.863859
579.809000
572.754141
565.709859
558.655000
551.600141
544.555859
537.465940
530.347339
523.195644
515.706352
515.754177
523.335124
530.405260
537.490968
544.566856
551.600141
558.655000
565.709859
572.926220
580.165408
587.213410
594.282714
600.434814
610.843060
625.437652
637.967821
650.731520
663.590440
676.399615
688.950385
701.520000
714.089615
726.640385
739.210000
751.779615
764.330385
776.900000
789.469615
802.020385
814.590000
827.159615
839.710385
852.280000
864.849615
877.400385
889.970000
902.611975
915.334124
928.019025
940.302976
920.143360
900.747070
881.142339
861.725264
842.361421
823.069615
803.530134
783.729508
764.180560
745.370975
723.417024
713.576640
706.222930
698.347661
690.338467
682.589615
675.160385
667.720000
660.279615
652.850385
645.410000
637.969615
630.540385
623.100000
615.659615
608.230385
600.790000
593.349615
585.920385
578.480000
571.039615
563.610385
556.170000
548.661975
541.124124
533.629025
526.022976
533.623360
541.177070
548.732339
556.215264
563.631421
571.039615
578.860366
586.823055
594.395300
601.639131
614.297868
623.965430
635.909140
648.825115
661.464940
674.020000
686.204756
698.371244
710.556000
722.740756
734.907244
747.092000
759.276756
771.443244
783.628000
795.812756
807.979244
820.164000
832.348756
844.515244
856.700000
868.939051
881.134885
893.285570
906.211150
918.942256
901.098400
881.515000
862.194460
843.054220
823.977764
804.567056
784.776832
764.999830
746.346049
731.286076
727.151600
719.485000
710.204916
701.721695
693.543904
685.474756
677.661244
669.836000
662.010756
654.197244
646.372000
638.546756
630.733244
622.908000
615.082756
607.269244
599.444000
591.618756
583.805244
575.980000
568.120788
560.224885
552.327340
544.111150
536.422256
544.248400
552.515000
560.484460
568.299910
576.217996
584.514418
593.134592
601.775104
609.549652
619.395184
634.206608
646.609944
658.923600
671.070962
683.056000
694.855897
706.638103
718.438000
730.237897
742.020103
753.820000
765.619897
777.402103
789.202000
801.001897
812.784103
824.584000
836.383897
848.281733
860.163060
871.801102
882.645405
862.435990
843.315156
824.535040
805.557217
785.879968
766.070986
743.829545
731.063976
721.728497
712.788848
704.057600
695.416000
687.205897
679.008103
670.798000
662.587897
654.390103
646.180000
637.969897
629.772103
621.562000
613.351897
605.154103
596.944000
588.733897
580.446382
572.093060
563.864365
555.575405
564.308400
572.721210
580.959097
589.599830
598.823737
608.129408
621.808228
632.042276
643.888375
655.963435
667.831536
679.506629
690.921000
702.335371
713.732629
725.173654
736.602466
748.017400
759.373000
770.787371
782.184629
793.599000
805.013371
816.374504
827.835328
839.520068
851.259725
862.201864
842.783136
824.657950
806.221754
787.898770
765.667943
750.051706
742.254484
732.985443
723.453802
713.915880
704.996629
696.401000
687.805371
679.222629
670.627000
662.031371
653.448629
644.853000
636.257371
627.674629
619.079000
610.483371
601.857400
593.181646
584.322880
575.443300
567.261864
577.303136
585.125088
594.014128
603.108995
615.435904
628.837756
640.774264
653.009800
664.400000
675.504946
686.489017
697.582280
708.762258
719.862520
730.899109
741.798940
752.604916
763.643785
774.815833
785.817009
796.745587
807.549350
818.612512
830.931875
822.944022
806.399140
788.261960
773.059518
754.105033
743.902248
733.389397
723.497266
714.408556
705.288992
696.139330
687.146728
678.330610
669.418252
660.327570
651.288034
642.212942
633.263800
624.420478
615.390336
606.370798
597.314644
587.381875
589.644022
598.088270
607.652977
615.903328
624.017257
638.694173
649.406749
660.701956
671.002241
681.442294
692.683810
703.572364
714.244880
724.883804
734.833321
745.038576
756.311492
767.236235
777.434582
787.875565
797.877157
807.340411
788.269380
767.522320
752.940410
742.639128
732.715133
723.600640
713.528752
703.688153
694.937760
686.103994
676.255576
666.608112
656.988680
647.492809
638.700671
629.542464
619.620072
610.774024
601.668337
611.200919
624.891759
633.197665
646.385523
657.621808
663.897460
677.004928
687.690679
698.105200
708.175831
719.586564
724.797774
737.998828
748.892780
760.910836
766.512650
780.587143
785.117194
771.588445
764.149016
749.940608
744.820420
731.614428
720.791050
709.613951
705.059500
692.679332
682.275070
672.188026
662.093418
651.298195
645.907420
633.224690
622.312540
617.340886
708.778399
977.751601
604.288399
509.181601
