12.214028
10.000000
12.052174
11.892704
11.735109
11.579602
11.426384
11.274969
11.125559
10.978349
10.832871
10.689320
10.547882
10.408108
10.270186
10.134294
14.918247
10.134294
10.270186
10.408108
10.547882
10.689320
10.832871
10.978349
11.125559
11.274969
11.426384
11.579602
11.735109
11.892704
12.052174
12.214028
12.378054
12.544033
12.712492
12.883212
13.055965
13.231298
13.408986
13.588789
13.771278
13.956217
14.143358
14.333294
14.525781
14.720559
18.221188
15.118590
15.321316
15.527072
15.735591
15.946591
16.160744
16.377773
16.597384
16.820276
17.046162
17.274736
17.506725
17.741829
17.979731
17.979731
17.741829
17.506725
17.274736
17.046162
16.820276
16.597384
16.377773
16.160744
15.946591
15.735591
15.527072
15.321316
15.118590
14.918247
14.720559
14.525781
14.333294
14.143358
13.956217
13.771278
13.588789
13.408986
13.231298
13.055965
12.883212
12.712492
12.544033
12.378054
12.321492
12.474482
12.647570
12.817675
12.992667
13.166887
13.343710
13.522907
13.704238
13.888277
14.074788
14.263518
14.455068
14.649191
14.845623
15.044991
15.247036
15.451485
15.658988
15.869279
16.082072
16.298044
16.516916
16.738394
16.964537
17.194079
17.428470
17.676306
17.674892
17.424636
17.193048
16.964197
16.738728
16.516916
16.298044
16.082072
15.869279
15.655231
15.445923
15.237890
15.051913
14.792275
14.614952
14.412633
14.218516
14.028417
13.838646
13.655264
13.474312
13.296025
13.119834
12.945977
12.774680
12.605397
12.438358
12.273778
12.111133
11.950643
11.792516
11.636248
11.482052
11.330125
11.179985
11.031834
10.885864
10.740752
10.597150
10.454841
10.308256
10.309080
10.457141
10.597998
10.740967
10.885647
11.031834
11.179985
11.330125
11.485037
11.642534
11.798886
11.958055
12.106774
12.215738
12.412761
12.578451
12.749921
12.925539
13.102789
13.278485
13.456807
13.637524
13.820391
14.005990
14.194082
14.384412
14.577585
14.773353
14.971451
15.172508
15.376265
15.582447
15.791710
16.003782
16.218379
16.436181
16.659574
16.886004
17.114141
17.349177
17.114826
16.885328
16.658242
16.436181
16.218379
16.003782
15.787289
15.570298
15.360897
15.163710
14.924215
14.689678
14.495599
14.296076
14.097889
13.906343
13.722339
13.540499
13.361068
13.184278
13.009568
12.837173
12.667315
12.499456
12.333820
12.170623
12.009345
11.850204
11.693406
11.538452
11.385551
11.234901
11.086023
10.937367
10.790705
10.646861
10.502624
10.646435
10.791136
10.938242
11.086023
11.234901
11.385551
11.544915
11.708851
11.868467
12.024967
12.219892
12.343444
12.503456
12.683033
12.860558
13.039003
13.214109
13.391298
13.571135
13.753387
13.937807
14.124983
14.314673
14.506620
14.701435
14.898866
15.098646
15.301412
15.506900
15.714834
15.925874
16.141363
16.360421
16.582785
16.815231
17.036960
16.811868
16.578142
16.354860
16.137489
15.923008
15.704465
15.483038
15.266259
15.072398
14.925708
14.783107
14.586334
14.371471
14.171389
13.978286
13.789192
13.606738
13.426429
13.248510
13.073210
12.899971
12.729028
12.560602
12.394156
12.229916
12.068094
11.908174
11.750374
11.594897
11.441248
11.288732
11.137359
10.988234
10.836121
10.695094
10.838288
10.991092
11.141146
11.290990
11.444681
11.606498
11.775547
11.947297
12.107742
12.226248
12.440597
12.617757
12.795392
12.972673
13.149781
13.326374
13.505069
13.686434
13.870234
14.056221
14.244988
14.436289
14.629867
14.826337
15.025445
15.226923
15.431411
15.638645
15.851515
16.068247
16.285011
16.505029
16.274592
16.053792
15.841690
15.626139
15.401503
15.178578
14.924812
14.658862
14.448998
14.246412
14.049476
13.856648
13.673027
13.492110
13.313321
13.136900
12.963077
12.791298
12.621795
12.454788
12.289744
12.126887
11.966428
11.807856
11.651385
11.495149
11.339873
11.189156
11.039780
11.196319
11.349856
11.503198
11.665142
11.838360
12.015111
12.231384
12.377559
12.550809
12.729792
12.907972
13.085505
13.261235
13.439325
13.619534
13.802988
13.988633
14.176492
14.365724
14.558647
14.753865
14.952000
15.152796
15.355982
15.564693
15.780975
16.000582
16.204113
15.956800
15.761419
15.549136
15.341554
15.069383
14.916159
14.734698
14.528396
14.320973
14.116793
13.924712
13.740190
13.558113
13.378716
13.201429
13.026492
12.854129
12.683794
12.515715
12.350112
12.186455
12.024967
11.864907
11.705808
11.545839
11.388056
11.244792
11.419074
11.559471
11.719629
11.885333
12.103626
12.304254
12.483467
12.670609
12.846676
13.020501
13.194830
13.373366
13.555672
13.739091
13.923598
14.108326
14.294646
14.487194
14.683216
14.879510
15.077825
15.279088
15.489232
15.720807
15.668387
15.470966
15.261680
15.092608
14.824854
14.607062
14.390167
14.185851
13.995349
13.807958
13.622531
13.442282
13.266540
13.091002
12.915719
12.744312
12.574175
12.408294
12.246070
12.082826
11.921758
11.762131
11.590492
11.629269
11.775311
11.942997
12.089836
12.208655
12.439353
12.607667
12.787717
12.954265
13.126133
13.312788
13.496159
13.677677
13.859696
14.035433
14.219654
14.420418
14.614659
14.804410
15.000223
15.195891
15.399655
15.183436
14.937056
14.663554
14.454490
14.254963
14.067189
13.869956
13.681781
13.510202
13.337306
13.152674
12.973971
12.798719
12.628865
12.470740
12.308192
12.136593
11.984152
11.829839
11.991344
12.214028
12.347148
12.561858
12.744567
12.855415
13.075040
13.258848
13.440400
13.617900
13.810167
13.926661
14.162039
14.362277
14.568259
14.703493
14.946918
15.067876
14.918844
14.749145
14.501689
14.366586
14.125266
13.922763
13.727280
13.615721
13.394512
13.206711
13.027273
12.850787
12.668836
12.566633
12.353817
12.172814
12.088869
14.918247
17.896857
12.214028
10.181223
