1    0.000000    0.010000
2    0.000000    0.000000
3    0.000000    0.009333
4    0.000000    0.008667
5    0.000000    0.008000
6    0.000000    0.007333
7    0.000000    0.006667
8    0.000000    0.006000
9    0.000000    0.005333
10    0.000000    0.004667
11    0.000000    0.004000
12    0.000000    0.003333
13    0.000000    0.002667
14    0.000000    0.002000
15    0.000000    0.001333
16    0.000000    0.000667
17    0.020000    0.000000
18    0.000667    0.000000
19    0.001333    0.000000
20    0.002000    0.000000
21    0.002667    0.000000
22    0.003333    0.000000
23    0.004000    0.000000
24    0.004667    0.000000
25    0.005333    0.000000
26    0.006000    0.000000
27    0.006667    0.000000
28    0.007333    0.000000
29    0.008000    0.000000
30    0.008667    0.000000
31    0.009333    0.000000
32    0.010000    0.000000
33    0.010667    0.000000
34    0.011333    0.000000
35    0.012000    0.000000
36    0.012667    0.000000
37    0.013333    0.000000
38    0.014000    0.000000
39    0.014667    0.000000
40    0.015333    0.000000
41    0.016000    0.000000
42    0.016667    0.000000
43    0.017333    0.000000
44    0.018000    0.000000
45    0.018667    0.000000
46    0.019333    0.000000
47    0.020000    0.010000
48    0.020000    0.000667
49    0.020000    0.001333
50    0.020000    0.002000
51    0.020000    0.002667
52    0.020000    0.003333
53    0.020000    0.004000
54    0.020000    0.004667
55    0.020000    0.005333
56    0.020000    0.006000
57    0.020000    0.006667
58    0.020000    0.007333
59    0.020000    0.008000
60    0.020000    0.008667
61    0.020000    0.009333
62    0.019333    0.010000
63    0.018667    0.010000
64    0.018000    0.010000
65    0.017333    0.010000
66    0.016667    0.010000
67    0.016000    0.010000
68    0.015333    0.010000
69    0.014667    0.010000
70    0.014000    0.010000
71    0.013333    0.010000
72    0.012667    0.010000
73    0.012000    0.010000
74    0.011333    0.010000
75    0.010667    0.010000
76    0.010000    0.010000
77    0.009333    0.010000
78    0.008667    0.010000
79    0.008000    0.010000
80    0.007333    0.010000
81    0.006667    0.010000
82    0.006000    0.010000
83    0.005333    0.010000
84    0.004667    0.010000
85    0.004000    0.010000
86    0.003333    0.010000
87    0.002667    0.010000
88    0.002000    0.010000
89    0.001333    0.010000
90    0.000667    0.010000
91    0.000976    0.009462
92    0.001637    0.009418
93    0.002323    0.009421
94    0.002992    0.009420
95    0.003667    0.009423
96    0.004333    0.009423
97    0.005000    0.009423
98    0.005667    0.009423
99    0.006333    0.009423
100    0.007000    0.009423
101    0.007667    0.009423
102    0.008333    0.009423
103    0.009000    0.009423
104    0.009667    0.009423
105    0.010333    0.009423
106    0.011000    0.009423
107    0.011667    0.009423
108    0.012333    0.009423
109    0.013000    0.009423
110    0.013667    0.009423
111    0.014333    0.009423
112    0.015000    0.009423
113    0.015667    0.009423
114    0.016333    0.009423
115    0.017007    0.009420
116    0.017680    0.009419
117    0.018358    0.009418
118    0.019018    0.009464
119    0.019451    0.009027
120    0.019396    0.008369
121    0.019410    0.007686
122    0.019414    0.007012
123    0.019416    0.006341
124    0.019423    0.005667
125    0.019423    0.005000
126    0.019423    0.004333
127    0.019423    0.003667
128    0.019419    0.002992
129    0.019419    0.002319
130    0.019418    0.001642
131    0.019464    0.000982
132    0.019027    0.000549
133    0.018369    0.000604
134    0.017686    0.000590
135    0.017012    0.000586
136    0.016341    0.000584
137    0.015667    0.000577
138    0.015000    0.000577
139    0.014333    0.000577
140    0.013667    0.000577
141    0.013000    0.000577
142    0.012333    0.000577
143    0.011667    0.000577
144    0.011000    0.000577
145    0.010333    0.000577
146    0.009667    0.000577
147    0.009000    0.000577
148    0.008333    0.000577
149    0.007667    0.000577
150    0.007000    0.000577
151    0.006333    0.000577
152    0.005667    0.000577
153    0.005000    0.000577
154    0.004333    0.000577
155    0.003667    0.000577
156    0.002993    0.000580
157    0.002319    0.000581
158    0.001642    0.000582
159    0.000982    0.000536
160    0.000549    0.000973
161    0.000604    0.001631
162    0.000590    0.002314
163    0.000586    0.002988
164    0.000584    0.003659
165    0.000577    0.004333
166    0.000577    0.005000
167    0.000577    0.005667
168    0.000583    0.006340
169    0.000588    0.007016
170    0.000586    0.007685
171    0.000583    0.008358
172    0.000537    0.009022
173    0.001227    0.008780
174    0.001964    0.008843
175    0.002633    0.008837
176    0.003312    0.008835
177    0.003991    0.008840
178    0.004667    0.008845
179    0.005333    0.008845
180    0.006000    0.008845
181    0.006667    0.008845
182    0.007333    0.008845
183    0.008000    0.008845
184    0.008667    0.008845
185    0.009333    0.008845
186    0.010000    0.008845
187    0.010667    0.008845
188    0.011333    0.008845
189    0.012000    0.008845
190    0.012667    0.008845
191    0.013333    0.008845
192    0.014000    0.008845
193    0.014667    0.008845
194    0.015333    0.008845
195    0.016000    0.008845
196    0.016685    0.008835
197    0.017359    0.008836
198    0.018025    0.008841
199    0.018764    0.008784
200    0.018820    0.008048
201    0.018815    0.007378
202    0.018823    0.006693
203    0.018829    0.006016
204    0.018839    0.005339
205    0.018845    0.004667
206    0.018838    0.003993
207    0.018828    0.003311
208    0.018830    0.002632
209    0.018841    0.001975
210    0.018784    0.001236
211    0.018048    0.001180
212    0.017378    0.001185
213    0.016693    0.001177
214    0.016009    0.001163
215    0.015333    0.001155
216    0.014667    0.001155
217    0.014000    0.001155
218    0.013333    0.001155
219    0.012667    0.001155
220    0.012000    0.001155
221    0.011333    0.001155
222    0.010667    0.001155
223    0.010000    0.001155
224    0.009333    0.001155
225    0.008667    0.001155
226    0.008000    0.001155
227    0.007333    0.001155
228    0.006667    0.001155
229    0.006000    0.001155
230    0.005333    0.001155
231    0.004667    0.001155
232    0.004000    0.001155
233    0.003315    0.001165
234    0.002641    0.001164
235    0.001975    0.001159
236    0.001236    0.001216
237    0.001180    0.001952
238    0.001185    0.002622
239    0.001177    0.003307
240    0.001171    0.003984
241    0.001161    0.004661
242    0.001155    0.005333
243    0.001169    0.006014
244    0.001185    0.006703
245    0.001185    0.007380
246    0.001173    0.008047
247    0.001686    0.008338
248    0.002262    0.008265
249    0.002940    0.008231
250    0.003635    0.008249
251    0.004319    0.008260
252    0.005000    0.008268
253    0.005667    0.008268
254    0.006333    0.008268
255    0.007000    0.008268
256    0.007667    0.008268
257    0.008333    0.008268
258    0.009000    0.008268
259    0.009667    0.008268
260    0.010333    0.008268
261    0.011000    0.008268
262    0.011667    0.008268
263    0.012333    0.008268
264    0.013000    0.008268
265    0.013667    0.008268
266    0.014333    0.008268
267    0.015000    0.008268
268    0.015677    0.008263
269    0.016365    0.008249
270    0.017059    0.008230
271    0.017730    0.008255
272    0.018308    0.008332
273    0.018215    0.007760
274    0.018200    0.007075
275    0.018217    0.006380
276    0.018238    0.005690
277    0.018252    0.005007
278    0.018244    0.004324
279    0.018226    0.003632
280    0.018218    0.002935
281    0.018257    0.002257
282    0.018332    0.001693
283    0.017760    0.001785
284    0.017075    0.001800
285    0.016369    0.001764
286    0.015685    0.001747
287    0.015008    0.001738
288    0.014333    0.001732
289    0.013667    0.001732
290    0.013000    0.001732
291    0.012333    0.001732
292    0.011667    0.001732
293    0.011000    0.001732
294    0.010333    0.001732
295    0.009667    0.001732
296    0.009000    0.001732
297    0.008333    0.001732
298    0.007667    0.001732
299    0.007000    0.001732
300    0.006333    0.001732
301    0.005667    0.001732
302    0.005000    0.001732
303    0.004324    0.001737
304    0.003635    0.001751
305    0.002942    0.001770
306    0.002270    0.001745
307    0.001692    0.001668
308    0.001785    0.002240
309    0.001800    0.002925
310    0.001783    0.003620
311    0.001761    0.004310
312    0.001751    0.004996
313    0.001763    0.005686
314    0.001788    0.006384
315    0.001808    0.007088
316    0.001791    0.007772
317    0.002504    0.007546
318    0.003271    0.007648
319    0.003958    0.007668
320    0.004645    0.007680
321    0.005326    0.007687
322    0.006000    0.007691
323    0.006667    0.007691
324    0.007333    0.007691
325    0.008000    0.007691
326    0.008667    0.007691
327    0.009333    0.007691
328    0.010000    0.007691
329    0.010667    0.007691
330    0.011333    0.007691
331    0.012000    0.007691
332    0.012667    0.007691
333    0.013333    0.007691
334    0.014000    0.007691
335    0.014667    0.007691
336    0.015351    0.007683
337    0.016045    0.007668
338    0.016737    0.007646
339    0.017509    0.007545
340    0.017590    0.006761
341    0.017614    0.006054
342    0.017648    0.005355
343    0.017651    0.004667
344    0.017626    0.003968
345    0.017603    0.003262
346    0.017535    0.002487
347    0.016744    0.002379
348    0.016053    0.002349
349    0.015364    0.002332
350    0.014680    0.002320
351    0.014000    0.002309
352    0.013333    0.002309
353    0.012667    0.002309
354    0.012000    0.002309
355    0.011333    0.002309
356    0.010667    0.002309
357    0.010000    0.002309
358    0.009333    0.002309
359    0.008667    0.002309
360    0.008000    0.002309
361    0.007333    0.002309
362    0.006667    0.002309
363    0.006000    0.002309
364    0.005333    0.002309
365    0.004649    0.002318
366    0.003955    0.002332
367    0.003263    0.002355
368    0.002491    0.002455
369    0.002410    0.003240
370    0.002385    0.003946
371    0.002353    0.004649
372    0.002355    0.005346
373    0.002387    0.006051
374    0.002416    0.006763
375    0.002972    0.007099
376    0.003588    0.007077
377    0.004275    0.007085
378    0.004973    0.007095
379    0.005659    0.007104
380    0.006333    0.007113
381    0.007000    0.007113
382    0.007667    0.007113
383    0.008333    0.007113
384    0.009006    0.007109
385    0.009674    0.007109
386    0.010340    0.007110
387    0.011000    0.007113
388    0.011667    0.007113
389    0.012333    0.007113
390    0.013000    0.007113
391    0.013667    0.007113
392    0.014338    0.007108
393    0.015024    0.007097
394    0.015727    0.007084
395    0.016425    0.007077
396    0.017042    0.007092
397    0.016912    0.006453
398    0.017050    0.005699
399    0.017058    0.005013
400    0.017069    0.004330
401    0.016921    0.003583
402    0.017054    0.002939
403    0.016433    0.002948
404    0.015739    0.002937
405    0.015039    0.002918
406    0.014344    0.002895
407    0.013667    0.002887
408    0.013000    0.002887
409    0.012333    0.002887
410    0.011667    0.002887
411    0.011000    0.002887
412    0.010333    0.002887
413    0.009667    0.002887
414    0.009000    0.002887
415    0.008333    0.002887
416    0.007667    0.002887
417    0.007000    0.002887
418    0.006333    0.002887
419    0.005660    0.002890
420    0.004973    0.002902
421    0.004272    0.002915
422    0.003575    0.002924
423    0.002958    0.002908
424    0.003088    0.003547
425    0.002944    0.004302
426    0.002936    0.004998
427    0.002941    0.005695
428    0.003098    0.006448
429    0.003874    0.006494
430    0.004603    0.006488
431    0.005320    0.006515
432    0.006000    0.006525
433    0.006671    0.006526
434    0.007343    0.006519
435    0.008020    0.006514
436    0.008697    0.006514
437    0.009368    0.006515
438    0.010029    0.006521
439    0.010685    0.006524
440    0.011348    0.006517
441    0.012019    0.006515
442    0.012679    0.006527
443    0.013339    0.006531
444    0.014003    0.006529
445    0.014685    0.006510
446    0.015392    0.006486
447    0.016125    0.006495
448    0.016482    0.005971
449    0.016460    0.005359
450    0.016470    0.004668
451    0.016507    0.004074
452    0.016139    0.003547
453    0.015414    0.003532
454    0.014701    0.003497
455    0.014009    0.003474
456    0.013331    0.003476
457    0.012661    0.003472
458    0.011990    0.003467
459    0.011327    0.003464
460    0.010663    0.003470
461    0.009988    0.003479
462    0.009315    0.003478
463    0.008654    0.003471
464    0.007987    0.003466
465    0.007325    0.003464
466    0.006662    0.003469
467    0.005988    0.003472
468    0.005306    0.003483
469    0.004604    0.003511
470    0.003875    0.003505
471    0.003518    0.004029
472    0.003526    0.004645
473    0.003527    0.005351
474    0.003521    0.005968
475    0.004181    0.005797
476    0.004983    0.005931
477    0.005683    0.005903
478    0.006347    0.005948
479    0.007011    0.005931
480    0.007703    0.005898
481    0.008402    0.005905
482    0.009083    0.005908
483    0.009739    0.005920
484    0.010374    0.005946
485    0.011023    0.005927
486    0.011706    0.005896
487    0.012387    0.005916
488    0.013017    0.005955
489    0.013674    0.005943
490    0.014335    0.005939
491    0.015019    0.005903
492    0.015799    0.005789
493    0.015876    0.005005
494    0.015840    0.004223
495    0.015049    0.004090
496    0.014349    0.004072
497    0.013669    0.004057
498    0.012983    0.004080
499    0.012293    0.004064
500    0.011641    0.004033
501    0.010995    0.004048
502    0.010317    0.004082
503    0.009626    0.004076
504    0.008946    0.004072
505    0.008278    0.004060
506    0.007639    0.004031
507    0.006993    0.004047
508    0.006312    0.004072
509    0.005638    0.004044
510    0.004974    0.004076
511    0.004193    0.004209
512    0.004081    0.004999
513    0.004671    0.005329
514    0.005347    0.005195
515    0.006111    0.005293
516    0.006694    0.005432
517    0.007340    0.005219
518    0.008112    0.005294
519    0.008807    0.005297
520    0.009484    0.005300
521    0.010133    0.005307
522    0.010708    0.005433
523    0.011343    0.005218
524    0.012116    0.005283
525    0.012796    0.005305
526    0.013369    0.005444
527    0.014010    0.005265
528    0.014667    0.005429
529    0.015242    0.005257
530    0.015335    0.004667
531    0.014668    0.004762
532    0.014008    0.004576
533    0.013346    0.004770
534    0.012588    0.004681
535    0.011897    0.004650
536    0.011313    0.004527
537    0.010682    0.004750
538    0.009921    0.004692
539    0.009222    0.004685
540    0.008549    0.004674
541    0.007894    0.004647
542    0.007313    0.004515
543    0.006683    0.004740
544    0.005910    0.004659
545    0.005315    0.004516
546    0.004763    0.004722
547    0.019551    0.000449
548    0.019551    0.009551
549    0.000449    0.009551
550    0.000449    0.000449
