300.000000
300.000000
300.000000
300.000000
300.000000
300.000000
300.000000
300.000000
300.000000
300.000000
300.000000
300.000000
300.000000
300.000000
300.000000
300.000000
300.000000
315.800916
325.475351
332.677178
338.190344
342.400929
345.583090
347.898458
349.472729
350.410137
350.787828
350.674266
350.126997
349.195623
347.926863
346.356208
344.519918
342.452721
340.176142
337.717306
335.101743
332.339502
329.448539
326.443730
323.320411
320.083150
316.722789
313.195810
309.451408
305.331653
300.000000
300.000000
300.000000
300.000000
300.000000
300.000000
300.000000
300.000000
300.000000
300.000000
300.000000
300.000000
300.000000
300.000000
300.000000
301.286255
302.615966
303.979189
305.360051
306.741228
308.111506
309.452689
310.746786
311.981449
313.138267
314.199496
315.152168
315.978497
316.661957
317.189330
317.544627
317.713944
317.684900
317.445306
316.986142
316.297992
315.375558
314.218072
312.822528
311.194174
309.344848
307.279568
305.018802
302.588046
303.738052
306.082516
308.318125
310.288338
312.051807
313.561273
314.837680
315.875992
316.676849
317.247124
317.592346
317.721897
317.647163
317.380066
316.935092
316.325295
315.566175
314.674852
313.664509
312.552390
311.356681
310.090067
308.770536
307.416354
306.025154
304.630930
303.237248
301.905961
301.055814
301.181797
301.187403
301.228789
301.291456
301.362207
301.470508
301.605481
301.773538
302.001500
302.274850
302.638197
302.911065
305.962423
309.456978
312.999258
316.285172
319.415467
322.460629
325.334353
328.091480
330.720754
333.217938
335.563117
337.734494
339.716653
341.480888
342.997186
344.238561
345.166774
345.741788
345.920488
345.650021
344.873065
343.517586
341.499609
338.719059
334.967654
330.120836
323.817477
316.221110
308.087304
307.030154
305.687616
304.804392
304.154489
303.619699
303.243598
302.949126
302.744635
302.585819
302.444974
302.344304
302.113879
304.718915
307.259540
309.365254
311.280764
312.956296
314.379287
315.541552
316.465073
317.151145
317.605621
317.838510
317.859377
317.680885
317.315751
316.778179
316.084434
315.247921
314.285309
313.214455
312.048324
310.804664
309.501882
308.152530
306.738280
305.332132
303.945880
302.432361
302.373230
302.466274
302.568481
302.711290
302.885976
303.116797
303.445407
303.868630
304.354386
304.913106
306.084037
309.757353
312.834040
315.892231
318.857421
321.662554
324.288296
326.801284
329.185675
331.424510
333.507600
335.411381
337.111025
338.586201
339.805438
340.736055
341.345382
341.591635
341.430851
340.811486
339.673866
337.951905
335.558849
332.221779
328.097716
323.003568
315.471755
312.009155
310.201036
308.711914
307.591748
306.695895
306.014971
305.563578
305.225809
304.923131
304.661479
306.439685
308.401459
310.498722
312.374164
313.964841
315.292743
316.348408
317.158430
317.730280
318.070755
318.190395
318.101532
317.816852
317.351487
316.718965
315.935329
315.018182
313.980834
312.840680
311.616060
310.319636
308.950821
307.522763
306.059929
304.631947
303.408392
303.687594
303.872551
304.045627
304.268816
304.572845
305.019243
305.611914
306.315057
306.992446
307.501486
309.808105
312.629417
315.577314
318.295035
320.865865
323.312761
325.588811
327.736368
329.736279
331.567957
333.216193
334.654704
335.856481
336.796707
337.441423
337.755580
337.701109
337.233149
336.304450
334.855647
332.760757
329.872173
326.125795
321.888811
317.721145
316.052097
313.833519
311.915110
310.398523
309.266869
308.468053
307.895286
307.453783
307.021728
309.568564
311.810878
313.580866
315.087360
316.316270
317.272479
317.970562
318.425650
318.649708
318.653738
318.452013
318.057837
317.486473
316.754782
315.877243
314.870943
313.753983
312.539333
311.245096
309.856471
308.400179
306.917864
305.265419
305.354330
305.631356
305.961521
306.465475
307.184591
308.079320
309.447783
312.649501
315.260135
317.759668
320.136993
322.393832
324.452208
326.372689
328.144254
329.744351
331.149720
332.341478
333.291760
333.971699
334.352272
334.397828
334.072071
333.332795
332.134571
330.325509
327.857544
324.694091
319.942385
316.529352
314.367464
312.632913
311.408839
310.558889
309.887470
311.396436
313.204731
314.918505
316.362355
317.494074
318.331088
318.912478
319.247968
319.350897
319.238184
318.914850
318.402385
317.722095
316.882792
315.906022
314.804964
313.597176
312.295442
310.891338
309.389889
307.852394
306.463805
307.086881
307.250134
307.799927
308.467836
309.880754
310.458747
312.585286
314.950600
317.274786
319.504685
321.531993
323.383052
325.096044
326.650986
328.031452
329.213129
330.173145
330.889403
331.331445
331.470273
331.273322
330.706197
329.707197
328.170274
326.063427
323.399134
320.634840
318.871801
315.986654
314.342739
313.071867
312.518658
314.708274
316.475835
317.829601
318.832963
319.556782
320.027012
320.242319
320.208003
319.949828
319.487401
318.853359
318.060714
317.099175
316.004306
314.805227
313.505931
312.100976
310.569603
308.892085
308.448819
309.049694
309.778394
310.459370
312.430395
314.686864
316.885931
318.904607
320.710390
322.384568
323.924707
325.281411
326.427588
327.374696
328.126977
328.642553
328.881768
328.805480
328.368915
327.568805
326.313031
324.474719
322.191927
319.053502
317.320348
315.691930
314.522539
316.684493
318.268770
319.560715
320.341164
320.963213
321.360642
321.403277
321.201634
320.776013
320.155650
319.436837
318.524738
317.379722
316.172254
314.888375
313.485823
311.994691
310.266094
310.959661
312.167897
314.642694
316.573147
318.360770
319.947764
321.512561
322.896613
323.982065
324.867612
325.683452
326.239080
326.557486
326.669634
326.334738
325.617682
324.748208
323.289493
320.742560
318.160927
318.905740
320.649867
321.589157
321.869383
322.849794
322.837340
322.697182
322.317023
321.736855
320.810596
320.395652
318.993116
317.679852
316.277045
315.169729
313.409119
312.249285
312.868620
314.432585
316.411644
317.560576
319.375859
320.782852
322.108269
322.459285
323.520171
324.127416
324.485976
324.638659
324.902828
323.770179
323.108751
322.540002
320.719075
302.958187
300.859097
301.755320
308.470077
