546
1   300.000000 
2   300.000000 
3   300.000000 
4   300.000000 
5   300.000000 
6   300.000000 
7   300.000000 
8   300.000000 
9   300.000000 
10   300.000000 
11   300.000000 
12   300.000000 
13   300.000000 
14   300.000000 
15   300.000000 
16   300.000000 
17   300.000000 
18   319.520000 
19   333.100000 
20   344.240000 
21   353.660000 
22   361.700000 
23   368.570000 
24   374.390000 
25   379.250000 
26   383.220000 
27   386.340000 
28   388.660000 
29   390.210000 
30   391.020000 
31   391.120000 
32   390.530000 
33   389.270000 
34   387.360000 
35   384.820000 
36   381.670000 
37   377.900000 
38   373.550000 
39   368.600000 
40   363.050000 
41   356.900000 
42   350.110000 
43   342.630000 
44   334.350000 
45   325.100000 
46   314.410000 
47   300.000000 
48   300.000000 
49   300.000000 
50   300.000000 
51   300.000000 
52   300.000000 
53   300.000000 
54   300.000000 
55   300.000000 
56   300.000000 
57   300.000000 
58   300.000000 
59   300.000000 
60   300.000000 
61   300.000000 
62   303.630000 
63   307.260000 
64   310.850000 
65   314.370000 
66   317.770000 
67   321.010000 
68   324.050000 
69   326.870000 
70   329.430000 
71   331.690000 
72   333.640000 
73   335.250000 
74   336.500000 
75   337.370000 
76   337.850000 
77   337.930000 
78   337.600000 
79   336.850000 
80   335.690000 
81   334.120000 
82   332.150000 
83   329.790000 
84   327.050000 
85   323.970000 
86   320.560000 
87   316.860000 
88   312.910000 
89   308.750000 
90   304.430000 
91   306.460000 
92   310.690000 
93   314.880000 
94   318.720000 
95   322.330000 
96   325.580000 
97   328.500000 
98   331.050000 
99   333.220000 
100   334.990000 
101   336.360000 
102   337.310000 
103   337.850000 
104   337.970000 
105   337.690000 
106   337.010000 
107   335.950000 
108   334.510000 
109   332.730000 
110   330.620000 
111   328.200000 
112   325.510000 
113   322.570000 
114   319.420000 
115   316.060000 
116   312.560000 
117   308.940000 
118   305.350000 
119   303.000000 
120   303.370000 
121   303.390000 
122   303.520000 
123   303.700000 
124   303.900000 
125   304.200000 
126   304.560000 
127   305.020000 
128   305.620000 
129   306.350000 
130   307.300000 
131   308.010000 
132   316.110000 
133   325.100000 
134   333.790000 
135   341.450000 
136   348.350000 
137   354.690000 
138   360.300000 
139   365.330000 
140   369.790000 
141   373.670000 
142   376.960000 
143   379.660000 
144   381.760000 
145   383.240000 
146   384.080000 
147   384.260000 
148   383.760000 
149   382.550000 
150   380.620000 
151   377.930000 
152   374.440000 
153   370.120000 
154   364.900000 
155   358.720000 
156   351.380000 
157   342.840000 
158   332.740000 
159   321.490000 
160   310.850000 
161   309.890000 
162   308.300000 
163   307.240000 
164   306.430000 
165   305.740000 
166   305.250000 
167   304.850000 
168   304.570000 
169   304.360000 
170   304.150000 
171   304.000000 
172   303.610000 
173   308.190000 
174   312.850000 
175   316.870000 
176   320.690000 
177   324.200000 
178   327.360000 
179   330.120000 
180   332.500000 
181   334.480000 
182   336.060000 
183   337.220000 
184   337.970000 
185   338.300000 
186   338.220000 
187   337.730000 
188   336.850000 
189   335.580000 
190   333.960000 
191   331.990000 
192   329.710000 
193   327.130000 
194   324.290000 
195   321.220000 
196   317.860000 
197   314.380000 
198   310.830000 
199   306.810000 
200   306.670000 
201   306.950000 
202   307.240000 
203   307.640000 
204   308.120000 
205   308.740000 
206   309.620000 
207   310.730000 
208   311.990000 
209   313.440000 
210   316.480000 
211   325.840000 
212   333.320000 
213   340.380000 
214   346.870000 
215   352.650000 
216   357.730000 
217   362.260000 
218   366.230000 
219   369.650000 
220   372.500000 
221   374.770000 
222   376.450000 
223   377.510000 
224   377.960000 
225   377.750000 
226   376.880000 
227   375.310000 
228   373.030000 
229   370.010000 
230   366.200000 
231   361.570000 
232   356.060000 
233   349.320000 
234   341.760000 
235   333.180000 
236   321.710000 
237   317.540000 
238   315.390000 
239   313.540000 
240   312.090000 
241   310.900000 
242   309.960000 
243   309.370000 
244   308.910000 
245   308.460000 
246   308.060000 
247   311.300000 
248   314.950000 
249   319.020000 
250   322.850000 
251   326.270000 
252   329.320000 
253   331.930000 
254   334.140000 
255   335.950000 
256   337.340000 
257   338.300000 
258   338.840000 
259   338.960000 
260   338.670000 
261   337.970000 
262   336.870000 
263   335.410000 
264   333.580000 
265   331.420000 
266   328.950000 
267   326.190000 
268   323.140000 
269   319.810000 
270   316.260000 
271   312.640000 
272   309.440000 
273   310.210000 
274   310.740000 
275   311.220000 
276   311.830000 
277   312.650000 
278   313.820000 
279   315.360000 
280   317.170000 
281   318.890000 
282   320.150000 
283   325.960000 
284   332.760000 
285   339.510000 
286   345.390000 
287   350.630000 
288   355.310000 
289   359.360000 
290   362.870000 
291   365.850000 
292   368.280000 
293   370.140000 
294   371.420000 
295   372.100000 
296   372.170000 
297   371.610000 
298   370.400000 
299   368.510000 
300   365.910000 
301   362.600000 
302   358.520000 
303   353.530000 
304   347.500000 
305   340.420000 
306   332.940000 
307   325.970000 
308   324.260000 
309   321.570000 
310   319.080000 
311   317.040000 
312   315.470000 
313   314.390000 
314   313.600000 
315   312.980000 
316   312.300000 
317   317.060000 
318   321.510000 
319   325.210000 
320   328.560000 
321   331.480000 
322   333.960000 
323   336.020000 
324   337.640000 
325   338.830000 
326   339.600000 
327   339.930000 
328   339.830000 
329   339.320000 
330   338.400000 
331   337.090000 
332   335.400000 
333   333.360000 
334   330.990000 
335   328.310000 
336   325.290000 
337   321.970000 
338   318.430000 
339   314.330000 
340   314.610000 
341   315.360000 
342   316.240000 
343   317.550000 
344   319.390000 
345   321.650000 
346   325.060000 
347   332.720000 
348   338.630000 
349   343.980000 
350   348.770000 
351   353.030000 
352   356.620000 
353   359.710000 
354   362.270000 
355   364.300000 
356   365.770000 
357   366.680000 
358   367.010000 
359   366.740000 
360   365.850000 
361   364.320000 
362   362.140000 
363   359.270000 
364   355.710000 
365   351.230000 
366   345.850000 
367   339.630000 
368   331.230000 
369   326.630000 
370   323.700000 
371   321.270000 
372   319.560000 
373   318.380000 
374   317.430000 
375   320.490000 
376   324.130000 
377   327.800000 
378   331.110000 
379   333.920000 
380   336.250000 
381   338.130000 
382   339.570000 
383   340.570000 
384   341.140000 
385   341.250000 
386   340.920000 
387   340.170000 
388   339.020000 
389   337.480000 
390   335.560000 
391   333.290000 
392   330.680000 
393   327.700000 
394   324.350000 
395   320.760000 
396   317.370000 
397   318.990000 
398   319.460000 
399   320.870000 
400   322.560000 
401   326.050000 
402   327.480000 
403   332.480000 
404   337.770000 
405   342.680000 
406   347.120000 
407   350.880000 
408   354.050000 
409   356.740000 
410   358.910000 
411   360.560000 
412   361.680000 
413   362.240000 
414   362.240000 
415   361.650000 
416   360.460000 
417   358.650000 
418   356.210000 
419   353.060000 
420   349.090000 
421   344.290000 
422   338.800000 
423   333.450000 
424   331.430000 
425   327.140000 
426   324.800000 
427   322.960000 
428   322.380000 
429   326.900000 
430   330.780000 
431   334.020000 
432   336.670000 
433   338.850000 
434   340.590000 
435   341.860000 
436   342.650000 
437   342.950000 
438   342.800000 
439   342.230000 
440   341.250000 
441   339.840000 
442   338.020000 
443   335.850000 
444   333.340000 
445   330.460000 
446   327.140000 
447   323.310000 
448   322.340000 
449   323.860000 
450   325.680000 
451   327.360000 
452   332.000000 
453   336.990000 
454   341.590000 
455   345.540000 
456   348.810000 
457   351.630000 
458   353.970000 
459   355.780000 
460   357.030000 
461   357.760000 
462   357.990000 
463   357.720000 
464   356.870000 
465   355.430000 
466   353.340000 
467   350.630000 
468   347.200000 
469   342.870000 
470   337.900000 
471   332.680000 
472   330.220000 
473   327.840000 
474   326.080000 
475   330.460000 
476   334.230000 
477   337.420000 
478   339.740000 
479   341.780000 
480   343.470000 
481   344.500000 
482   345.010000 
483   345.010000 
484   344.530000 
485   343.790000 
486   342.600000 
487   340.800000 
488   338.700000 
489   336.320000 
490   333.540000 
491   330.420000 
492   326.620000 
493   328.350000 
494   331.270000 
495   336.690000 
496   340.630000 
497   344.070000 
498   346.870000 
499   349.430000 
500   351.500000 
501   352.820000 
502   353.600000 
503   354.100000 
504   354.030000 
505   353.460000 
506   352.520000 
507   350.750000 
508   348.280000 
509   345.560000 
510   341.960000 
511   336.550000 
512   332.530000 
513   334.720000 
514   338.630000 
515   341.440000 
516   342.840000 
517   345.540000 
518   346.690000 
519   347.440000 
520   347.650000 
521   347.360000 
522   346.230000 
523   346.110000 
524   344.000000 
525   341.830000 
526   339.220000 
527   337.220000 
528   333.570000 
529   331.160000 
530   332.680000 
531   335.970000 
532   340.020000 
533   342.050000 
534   345.280000 
535   347.500000 
536   349.530000 
537   349.460000 
538   350.510000 
539   350.650000 
540   350.290000 
541   349.500000 
542   348.970000 
543   346.000000 
544   343.530000 
545   341.520000 
546   337.670000 

