300.000000
300.000000
300.000000
300.000000
300.000000
300.000000
300.000000
300.000000
300.000000
300.000000
300.000000
300.000000
300.000000
300.000000
300.000000
300.000000
300.000000
321.357410
336.878309
350.064195
361.589445
371.736310
380.722152
388.630480
395.516714
401.443708
406.427174
410.480708
413.628790
415.871825
417.214037
417.662197
417.213792
415.871342
413.628087
410.479807
406.426086
401.442441
395.515341
388.628748
380.718183
371.734571
361.586915
350.061032
336.881938
321.366270
300.000000
300.000000
300.000000
300.000000
300.000000
300.000000
300.000000
300.000000
300.000000
300.000000
300.000000
300.000000
300.000000
300.000000
300.000000
305.407051
310.739575
315.954818
320.983044
325.759424
330.246892
334.388603
338.136470
341.464104
344.332768
346.712523
348.588724
349.940233
350.754723
351.027549
350.754315
349.939457
348.587649
346.711240
344.331383
341.462728
338.135193
334.387433
330.246010
325.758723
320.982659
315.954177
310.739370
305.406876
307.900598
313.158240
318.447187
323.384813
328.088864
332.406859
336.363688
339.911213
343.010599
345.641633
347.774640
349.388802
350.474749
351.019794
351.020009
350.475370
349.389769
347.775870
345.643022
343.012037
339.912575
336.364887
332.408090
328.089348
323.392773
318.425325
313.197506
307.948820
304.488947
305.035511
305.077539
305.267685
305.540246
305.838675
306.284791
306.830713
307.500140
308.399084
309.463954
310.881811
311.913521
323.814624
336.827185
349.152118
359.764883
369.105598
377.455433
384.628069
390.842871
396.125375
400.512180
404.008106
406.619880
408.361259
409.230533
409.230657
408.361630
406.620484
404.008918
400.513175
396.126562
390.844255
384.629303
377.456729
369.291746
359.907700
349.326377
337.232256
324.109356
312.221781
311.316391
309.621977
308.476762
307.600834
306.831595
306.284763
305.839509
305.532148
305.284005
305.043888
304.863024
304.391037
310.038176
315.870015
320.984413
325.922403
330.542696
334.779540
338.562301
341.919228
344.811863
347.210559
349.101179
350.462931
351.283714
351.558951
351.284190
350.463817
349.102394
347.212008
344.813418
341.920784
338.563628
334.780370
330.598299
325.944160
321.045262
315.956915
310.109717
309.917840
310.337559
310.785224
311.383779
312.095774
313.015824
314.305267
315.943663
317.796297
319.900384
324.355044
337.839919
348.381182
358.129836
366.859421
374.429689
380.870667
386.425206
391.100326
394.905983
397.863167
399.971032
401.232746
401.654221
401.233000
399.971541
397.863914
394.906906
391.101384
386.426534
380.872583
374.429391
367.049174
358.354479
348.853323
338.388493
324.843548
320.340497
318.047945
316.020919
314.432382
313.093893
312.043501
311.367015
310.849566
310.336654
309.859742
313.907916
318.519223
323.725103
328.708059
333.258302
337.391663
341.023376
344.193692
346.882191
349.060112
350.707391
351.815357
352.371475
352.371785
351.816182
350.708599
349.061665
346.883938
344.195443
341.025283
337.392768
333.280897
328.708349
323.733772
318.589987
313.959370
315.103232
315.888297
316.615371
317.521633
318.718700
320.438195
322.682805
325.311740
327.806025
329.650632
337.944060
347.492055
356.763413
364.637217
371.461051
377.359999
382.275027
386.364669
389.628670
392.069767
393.698371
394.511570
394.511700
393.698764
392.070458
389.629613
386.365652
382.275955
377.361497
371.595832
364.829255
356.924739
347.958402
338.667851
330.186057
328.511647
325.596114
322.834733
320.532665
318.774269
317.539288
316.655679
315.941979
315.143211
321.136840
326.891607
331.758680
336.241534
340.257926
343.771100
346.767081
349.248146
351.202020
352.608379
353.456422
353.740774
353.457290
352.609582
351.203585
349.250279
346.769124
343.772793
340.290460
336.262772
331.738760
326.835992
321.035737
321.480460
322.601889
323.895078
325.803380
328.470150
331.718755
336.629645
347.339577
355.399968
362.519166
368.715516
374.046931
378.372399
381.902870
384.651854
386.613793
387.788615
388.181071
387.788878
386.614304
384.652894
381.904141
378.373178
374.046852
368.926299
362.766281
355.622779
347.598361
337.160947
331.979060
328.678335
325.901387
323.947886
322.618636
321.528029
325.485863
330.230953
335.091094
339.575111
343.497395
346.842662
349.657832
351.935335
353.657405
354.836436
355.412769
355.403172
354.814895
353.657864
351.938171
349.660890
346.844535
343.504521
339.591390
335.081342
330.134425
325.388097
327.718558
328.441873
330.494869
332.930200
337.909499
339.968599
346.888213
354.058952
360.558054
366.258267
370.920001
374.688486
377.706042
379.968613
381.478620
382.231778
382.232053
381.478888
379.969026
377.708459
374.689952
370.920104
366.331989
360.788375
354.327919
347.134261
340.296215
338.194017
333.176890
330.491374
328.374909
327.810883
333.729893
338.912884
343.377270
347.127481
350.318664
352.987115
355.091359
356.578139
357.446795
357.690774
357.362429
356.483619
354.982796
352.882237
350.257087
347.097349
343.367794
338.956001
333.733797
332.449853
334.634138
337.248723
339.652626
346.126971
352.842524
358.871400
363.903551
367.916801
371.208026
373.794306
375.614007
376.637786
376.918248
376.545061
375.510969
373.729368
371.216168
367.932400
363.900392
359.027406
353.136700
346.518635
340.123335
337.310626
334.553993
332.483690
338.193721
343.361473
347.794239
351.160954
354.219232
356.881013
358.731233
359.902560
360.379454
360.203558
359.664530
358.520227
356.506593
353.998035
351.074803
347.538810
343.463349
338.367622
340.866294
344.979543
352.258175
357.388856
361.702777
365.070566
368.026166
370.267934
371.485031
371.918565
371.938999
371.209054
369.846036
368.026455
365.194894
361.481134
357.496854
352.511248
345.342973
340.539518
343.673551
348.949126
353.032045
355.271846
359.156583
361.254750
362.772393
363.585820
363.721638
362.658021
362.960302
360.660542
358.142853
354.912211
352.503930
347.743843
344.606925
346.779622
351.091698
356.360830
358.779314
362.672247
365.183228
367.431945
366.872940
367.609951
367.199866
366.141844
364.568575
363.354695
359.108135
355.367581
352.358041
347.248076
312.020466
303.645012
303.644718
312.015717
