13.498588
10.000000
13.231166
12.969431
12.712492
12.460643
12.214150
11.972174
11.734991
11.502853
11.274969
11.051599
10.832979
10.618365
10.408004
10.202115
18.221188
10.202115
10.408004
10.618365
10.832979
11.051599
11.274969
11.502853
11.734991
11.972174
12.214150
12.460643
12.712492
12.969431
13.231166
13.498588
13.771415
14.049335
14.333294
14.622992
14.918098
15.219616
15.527227
15.840581
16.160744
16.487378
16.820108
17.160069
17.506900
17.860206
24.596031
18.589466
18.964619
19.347923
19.738975
20.137326
20.544332
20.959565
21.382548
21.814723
22.255632
22.704771
23.163670
23.631843
24.108756
24.108756
23.631843
23.163670
22.704771
22.255632
21.814723
21.382548
20.959565
20.544332
20.137326
19.738975
19.347923
18.964619
18.589466
18.221188
17.860206
17.506900
17.160069
16.820108
16.487378
16.160744
15.840581
15.527227
15.219616
14.918098
14.622992
14.333294
14.049335
13.771415
13.677130
13.932651
14.223636
14.511553
14.809740
15.108615
15.413983
15.725524
16.042879
16.367131
16.697936
17.034916
17.379217
17.730478
18.088296
18.453888
18.826870
19.206814
19.595013
19.991058
20.394497
20.806701
21.227236
21.655622
22.095967
22.545942
23.008532
23.501050
23.498230
23.000940
22.543913
22.095304
21.656272
21.227236
20.806701
20.394497
19.991058
19.587960
19.196445
18.809933
18.466626
17.990882
17.668353
17.302744
16.954361
16.615485
16.279475
15.956960
15.640835
15.331432
15.027699
14.729983
14.438599
14.152554
13.872176
13.597760
13.328373
13.064323
12.805888
12.552189
12.303516
12.060131
11.821207
11.587015
11.357804
11.131457
10.908967
10.689961
10.465929
10.467185
10.693489
10.910276
11.131791
11.357463
11.587015
11.821207
12.060131
12.308316
12.562361
12.816265
13.076479
13.321178
13.501423
13.829377
14.107197
14.396644
14.695115
14.998423
15.301106
15.610365
15.925874
16.247273
16.575656
16.910675
17.251948
17.600637
17.956373
18.318749
18.689000
19.066733
19.451518
19.844663
20.245754
20.654332
21.071788
21.502842
21.942713
22.388895
22.851690
22.390239
21.941396
21.500261
21.071788
20.654332
20.245754
19.836330
19.428773
19.038154
18.672747
18.232124
17.804035
17.452364
17.093275
16.739063
16.399078
16.074676
15.756218
15.444070
15.138559
14.838647
14.544677
14.256958
13.974512
13.697661
13.426698
13.160700
12.899971
12.644788
12.394280
12.148736
11.908413
11.672494
11.438503
11.209203
10.985817
10.763331
10.985158
11.209875
11.439875
11.672494
11.908413
12.148736
12.404696
12.669849
12.929805
13.186388
13.508311
13.713697
13.981221
14.283501
14.584438
14.889036
15.189966
15.496514
15.809722
16.129261
16.454765
16.787341
17.126639
17.472271
17.825412
18.185691
18.552696
18.927674
19.310232
19.699930
20.098096
20.507386
20.926266
21.354342
21.804908
22.237612
21.798368
21.345375
20.915596
20.500004
20.092670
19.680437
19.265677
18.862486
18.504336
18.234859
17.974159
17.616485
17.228674
16.870138
16.526499
16.192288
15.871977
15.557535
15.249323
14.947665
14.651535
14.361271
14.077181
13.798296
13.524936
13.257389
12.994746
12.737305
12.485339
12.237991
11.994103
11.753665
11.518392
11.280043
11.060554
11.283428
11.522885
11.759661
11.997702
12.243499
12.504081
12.778257
13.058837
13.322777
13.518851
13.875922
14.173373
14.473727
14.775569
15.079182
15.383955
15.694418
16.011626
16.335246
16.664906
17.001730
17.345361
17.695407
18.053058
18.417938
18.789629
19.169397
19.556840
19.957502
20.368205
20.781748
21.204323
20.761807
20.340726
19.938950
19.533386
19.113695
18.700216
18.233218
17.748040
17.368272
17.004280
16.652912
16.311251
15.988106
15.671834
15.361357
15.057032
14.759178
14.466782
14.180178
13.899670
13.624302
13.354389
13.090216
12.830884
12.576690
12.324573
12.075699
11.835756
11.599536
11.847123
12.091650
12.337521
12.598970
12.880636
13.170179
13.527371
13.770589
14.060720
14.362564
14.665167
14.968756
15.271298
15.579954
15.894372
16.216595
16.544854
16.879251
17.218340
17.566349
17.920855
18.283063
18.652592
19.029018
19.418284
19.824432
20.239681
20.627087
20.156667
19.787592
19.389178
19.002206
18.498786
18.217362
17.885943
17.511628
17.137946
16.772742
16.431580
16.106052
15.786973
15.474679
15.168108
14.867611
14.573504
14.284787
14.001789
13.724809
13.452905
13.186388
12.923988
12.664909
12.406184
12.152745
11.924142
12.202430
12.428163
12.687346
12.957375
13.315984
13.648438
13.947707
14.262520
14.560831
14.857356
15.156737
15.465397
15.782711
16.104119
16.429608
16.757654
17.090711
17.437187
17.792288
18.150264
18.514331
18.886268
19.277239
19.711162
19.612656
19.243149
18.854000
18.541567
18.050350
17.654048
17.262303
16.895969
16.556770
16.225354
15.899618
15.585096
15.280463
14.978189
14.678372
14.387145
14.100004
13.821911
13.551742
13.281673
13.016986
12.756425
12.478225
12.540897
12.777874
13.051787
13.293233
13.489682
13.873841
14.156376
14.460707
14.744131
15.038523
15.360436
15.678888
15.996262
16.316634
16.627951
16.956396
17.316765
17.667823
18.013025
18.371583
18.732221
19.110255
18.709195
18.255659
17.756561
17.378175
17.019591
16.684416
16.334756
16.003462
15.703366
15.402889
15.084159
14.777786
14.479373
14.192095
13.926383
13.654991
13.370424
13.119309
12.866732
13.131121
13.498588
13.719869
14.079292
14.387577
14.575690
14.950804
15.267175
15.581824
15.891511
16.229249
16.435031
16.853445
17.212142
17.583748
17.829156
18.273741
18.496011
18.222281
17.912255
17.463362
17.219890
16.787845
16.428130
16.083358
15.887698
15.502094
15.177212
14.868949
14.567822
14.259525
14.087320
13.730987
13.430323
13.291638
18.221188
23.942260
13.498588
10.273062
