300
300
300
300
300
300
300
300
300
300
300
300
300
300
300
300
300
3.176363e+002
3.287419e+002
3.373473e+002
3.444392e+002
3.500683e+002
3.545374e+002
3.581549e+002
3.608729e+002
3.627924e+002
3.640972e+002
3.647466e+002
3.647860e+002
3.643530e+002
3.634169e+002
3.619983e+002
3.602130e+002
3.580353e+002
3.554701e+002
3.526217e+002
3.494628e+002
3.459838e+002
3.422824e+002
3.383194e+002
3.340615e+002
3.296022e+002
3.248611e+002
3.197326e+002
3.142737e+002
3.081729e+002
300
300
300
300
300
300
300
300
300
300
300
300
300
300
300
3.022007e+002
3.044475e+002
3.067231e+002
3.089993e+002
3.112472e+002
3.134480e+002
3.155726e+002
3.175924e+002
3.194884e+002
3.212330e+002
3.228001e+002
3.241713e+002
3.253221e+002
3.262305e+002
3.268796e+002
3.272499e+002
3.273253e+002
3.270922e+002
3.265387e+002
3.256578e+002
3.244420e+002
3.228922e+002
3.210160e+002
3.188164e+002
3.163094e+002
3.135181e+002
3.104575e+002
3.071604e+002
3.036655e+002
3.052731e+002
3.086278e+002
3.118836e+002
3.148040e+002
3.174691e+002
3.198002e+002
3.218221e+002
3.235204e+002
3.248872e+002
3.259252e+002
3.266347e+002
3.270221e+002
3.270984e+002
3.268753e+002
3.263689e+002
3.255943e+002
3.245707e+002
3.233202e+002
3.218603e+002
3.202149e+002
3.184101e+002
3.164643e+002
3.144048e+002
3.122600e+002
3.100252e+002
3.077557e+002
3.054574e+002
3.032345e+002
3.017924e+002
3.019903e+002
3.019840e+002
3.020356e+002
3.021208e+002
3.022173e+002
3.023727e+002
3.025687e+002
3.028135e+002
3.031478e+002
3.035504e+002
3.040990e+002
3.044839e+002
3.091168e+002
3.143333e+002
3.195160e+002
3.242544e+002
3.286807e+002
3.328934e+002
3.367790e+002
3.404178e+002
3.437944e+002
3.469061e+002
3.497314e+002
3.522437e+002
3.544274e+002
3.562534e+002
3.576886e+002
3.587060e+002
3.592701e+002
3.593412e+002
3.588776e+002
3.578340e+002
3.561574e+002
3.537802e+002
3.506327e+002
3.466249e+002
3.415363e+002
3.352886e+002
3.275645e+002
3.185577e+002
3.092871e+002
3.082746e+002
3.068083e+002
3.058557e+002
3.051531e+002
3.045662e+002
3.041582e+002
3.038390e+002
3.036276e+002
3.034690e+002
3.033263e+002
3.032277e+002
3.029436e+002
3.065900e+002
3.102325e+002
3.132963e+002
3.161327e+002
3.186683e+002
3.208760e+002
3.227304e+002
3.242597e+002
3.254579e+002
3.263250e+002
3.268688e+002
3.270960e+002
3.270186e+002
3.266499e+002
3.260060e+002
3.251060e+002
3.239663e+002
3.226087e+002
3.210572e+002
3.193297e+002
3.174518e+002
3.154506e+002
3.133450e+002
3.111040e+002
3.088460e+002
3.065899e+002
3.040911e+002
3.039595e+002
3.040801e+002
3.042119e+002
3.044067e+002
3.046496e+002
3.049781e+002
3.054549e+002
3.060722e+002
3.067759e+002
3.075890e+002
3.093426e+002
3.147960e+002
3.193263e+002
3.237380e+002
3.279243e+002
3.318018e+002
3.353490e+002
3.386589e+002
3.417138e+002
3.444937e+002
3.469878e+002
3.491698e+002
3.510128e+002
3.524955e+002
3.535859e+002
3.542516e+002
3.544603e+002
3.541732e+002
3.533503e+002
3.519427e+002
3.498985e+002
3.471607e+002
3.436476e+002
3.390626e+002
3.336344e+002
3.271702e+002
3.181301e+002
3.143469e+002
3.124016e+002
3.107833e+002
3.095588e+002
3.085693e+002
3.078199e+002
3.073471e+002
3.070066e+002
3.066964e+002
3.064298e+002
3.089763e+002
3.117651e+002
3.147951e+002
3.175766e+002
3.199932e+002
3.220661e+002
3.237677e+002
3.251335e+002
3.261674e+002
3.268709e+002
3.272511e+002
3.273196e+002
3.270884e+002
3.265738e+002
3.257910e+002
3.247594e+002
3.235006e+002
3.220319e+002
3.203771e+002
3.185618e+002
3.166042e+002
3.145009e+002
3.122706e+002
3.099519e+002
3.076615e+002
3.056735e+002
3.060923e+002
3.063409e+002
3.065664e+002
3.068663e+002
3.072904e+002
3.079308e+002
3.087875e+002
3.098055e+002
3.107625e+002
3.114758e+002
3.149402e+002
3.190963e+002
3.233331e+002
3.271702e+002
3.307218e+002
3.340238e+002
3.370160e+002
3.397595e+002
3.422317e+002
3.444087e+002
3.462746e+002
3.478010e+002
3.489596e+002
3.497252e+002
3.500647e+002
3.499451e+002
3.493296e+002
3.481782e+002
3.464495e+002
3.440888e+002
3.409594e+002
3.369151e+002
3.319351e+002
3.264392e+002
3.211500e+002
3.194674e+002
3.170941e+002
3.149793e+002
3.132917e+002
3.120377e+002
3.111752e+002
3.105846e+002
3.101412e+002
3.096862e+002
3.132418e+002
3.165189e+002
3.191553e+002
3.214539e+002
3.233861e+002
3.249516e+002
3.261615e+002
3.270317e+002
3.275716e+002
3.277892e+002
3.276974e+002
3.273104e+002
3.266446e+002
3.257196e+002
3.245520e+002
3.231634e+002
3.215779e+002
3.198129e+002
3.178940e+002
3.157960e+002
3.135571e+002
3.112407e+002
3.086147e+002
3.086817e+002
3.090421e+002
3.094881e+002
3.101960e+002
3.112270e+002
3.125008e+002
3.144877e+002
3.191669e+002
3.229330e+002
3.264622e+002
3.297444e+002
3.327847e+002
3.354855e+002
3.379309e+002
3.401084e+002
3.419926e+002
3.435580e+002
3.447846e+002
3.456432e+002
3.461053e+002
3.461424e+002
3.457214e+002
3.448097e+002
3.433677e+002
3.413561e+002
3.385991e+002
3.350655e+002
3.307344e+002
3.246117e+002
3.207642e+002
3.183517e+002
3.163989e+002
3.150489e+002
3.141463e+002
3.134681e+002
3.157240e+002
3.183366e+002
3.208857e+002
3.230993e+002
3.249007e+002
3.263063e+002
3.273580e+002
3.280657e+002
3.284386e+002
3.284948e+002
3.282348e+002
3.276829e+002
3.268639e+002
3.257869e+002
3.244770e+002
3.229515e+002
3.212341e+002
3.193405e+002
3.172567e+002
3.149882e+002
3.126251e+002
3.104605e+002
3.113565e+002
3.115208e+002
3.122779e+002
3.132094e+002
3.152449e+002
3.160134e+002
3.191489e+002
3.225534e+002
3.258324e+002
3.289061e+002
3.316331e+002
3.340567e+002
3.362290e+002
3.381264e+002
3.397323e+002
3.410204e+002
3.419648e+002
3.425426e+002
3.427251e+002
3.424846e+002
3.417907e+002
3.406123e+002
3.388819e+002
3.364873e+002
3.334032e+002
3.296842e+002
3.259149e+002
3.241003e+002
3.207475e+002
3.189027e+002
3.175062e+002
3.170516e+002
3.202475e+002
3.228829e+002
3.249905e+002
3.266216e+002
3.278743e+002
3.287798e+002
3.293289e+002
3.295205e+002
3.293803e+002
3.289300e+002
3.282089e+002
3.272328e+002
3.259843e+002
3.245081e+002
3.228426e+002
3.209929e+002
3.189461e+002
3.166719e+002
3.141416e+002
3.133877e+002
3.142151e+002
3.152212e+002
3.161508e+002
3.189811e+002
3.222462e+002
3.253404e+002
3.281206e+002
3.305469e+002
3.327334e+002
3.346748e+002
3.363150e+002
3.376254e+002
3.386183e+002
3.393038e+002
3.396424e+002
3.395837e+002
3.390967e+002
3.381338e+002
3.366869e+002
3.346653e+002
3.319367e+002
3.286260e+002
3.247486e+002
3.228159e+002
3.209897e+002
3.196920e+002
3.227274e+002
3.252005e+002
3.272125e+002
3.285578e+002
3.296745e+002
3.304877e+002
3.308200e+002
3.307938e+002
3.304288e+002
3.297635e+002
3.289203e+002
3.277812e+002
3.262798e+002
3.246486e+002
3.228582e+002
3.208643e+002
3.186849e+002
3.161141e+002
3.170303e+002
3.187035e+002
3.222394e+002
3.249664e+002
3.274198e+002
3.295551e+002
3.315845e+002
3.333181e+002
3.346105e+002
3.355907e+002
3.364077e+002
3.368462e+002
3.369415e+002
3.367442e+002
3.359644e+002
3.346665e+002
3.331384e+002
3.309079e+002
3.273225e+002
3.243075e+002
3.256574e+002
3.281981e+002
3.298368e+002
3.305352e+002
3.320511e+002
3.324011e+002
3.325002e+002
3.322396e+002
3.316665e+002
3.305953e+002
3.301260e+002
3.283448e+002
3.266123e+002
3.247158e+002
3.231561e+002
3.206676e+002
3.189651e+002
3.197688e+002
3.220382e+002
3.247915e+002
3.264031e+002
3.288160e+002
3.306315e+002
3.322789e+002
3.326511e+002
3.338157e+002
3.343688e+002
3.345623e+002
3.344557e+002
3.344598e+002
3.327496e+002
3.314527e+002
3.303392e+002
3.277953e+002
3.045652e+002
3.014650e+002
3.024681e+002
3.096424e+002
