300
300
300
300
300
300
300
300
300
300
300
300
300
300
300
300
300
3.202827e+002
3.341472e+002
3.455656e+002
3.554732e+002
3.638562e+002
3.710025e+002
3.771921e+002
3.823243e+002
3.864920e+002
3.898617e+002
3.923463e+002
3.939864e+002
3.949125e+002
3.950523e+002
3.944235e+002
3.931450e+002
3.911530e+002
3.884496e+002
3.851527e+002
3.811971e+002
3.765663e+002
3.713832e+002
3.655627e+002
3.590513e+002
3.519767e+002
3.441813e+002
3.354816e+002
3.259471e+002
3.149931e+002
300
300
300
300
300
300
300
300
300
300
300
300
300
300
300
3.045372e+002
3.090763e+002
3.135787e+002
3.179860e+002
3.222413e+002
3.263086e+002
3.301347e+002
3.336708e+002
3.368869e+002
3.397400e+002
3.421929e+002
3.442228e+002
3.457994e+002
3.468990e+002
3.475065e+002
3.476058e+002
3.471884e+002
3.462480e+002
3.447848e+002
3.428076e+002
3.403211e+002
3.373450e+002
3.339082e+002
3.300295e+002
3.257493e+002
3.211166e+002
3.161650e+002
3.109543e+002
3.055507e+002
3.079721e+002
3.131706e+002
3.183378e+002
3.230888e+002
3.275451e+002
3.315626e+002
3.351717e+002
3.383343e+002
3.410212e+002
3.432210e+002
3.449159e+002
3.460966e+002
3.467643e+002
3.469193e+002
3.465697e+002
3.457263e+002
3.444050e+002
3.426289e+002
3.404166e+002
3.377981e+002
3.348096e+002
3.314769e+002
3.278428e+002
3.239548e+002
3.198003e+002
3.154820e+002
3.110100e+002
3.065957e+002
3.036608e+002
3.040311e+002
3.039880e+002
3.040604e+002
3.041978e+002
3.043548e+002
3.046238e+002
3.049665e+002
3.053976e+002
3.059913e+002
3.067054e+002
3.076816e+002
3.083455e+002
3.167694e+002
3.261062e+002
3.351330e+002
3.431437e+002
3.503903e+002
3.570518e+002
3.629645e+002
3.682743e+002
3.729739e+002
3.770734e+002
3.805577e+002
3.834074e+002
3.856157e+002
3.871627e+002
3.880262e+002
3.881888e+002
3.876293e+002
3.863245e+002
3.842447e+002
3.813654e+002
3.776564e+002
3.730658e+002
3.675516e+002
3.610539e+002
3.533430e+002
3.444095e+002
3.339598e+002
3.223279e+002
3.112836e+002
3.103653e+002
3.087477e+002
3.076929e+002
3.069065e+002
3.062328e+002
3.057714e+002
3.054108e+002
3.051862e+002
3.050244e+002
3.048736e+002
3.047788e+002
3.043957e+002
3.099133e+002
3.155844e+002
3.204656e+002
3.251044e+002
3.293765e+002
3.332229e+002
3.365801e+002
3.394846e+002
3.419095e+002
3.438362e+002
3.452608e+002
3.461750e+002
3.465791e+002
3.464793e+002
3.458841e+002
3.448091e+002
3.432689e+002
3.412862e+002
3.388905e+002
3.361033e+002
3.329608e+002
3.295042e+002
3.257626e+002
3.216724e+002
3.174521e+002
3.131389e+002
3.082455e+002
3.079202e+002
3.080983e+002
3.082949e+002
3.086112e+002
3.090153e+002
3.095769e+002
3.104100e+002
3.114937e+002
3.127251e+002
3.141473e+002
3.172544e+002
3.269804e+002
3.348410e+002
3.422717e+002
3.490967e+002
3.551973e+002
3.605650e+002
3.653629e+002
3.695785e+002
3.731977e+002
3.762193e+002
3.786228e+002
3.803895e+002
3.815071e+002
3.819535e+002
3.817099e+002
3.807542e+002
3.790637e+002
3.766175e+002
3.733804e+002
3.693227e+002
3.644132e+002
3.585881e+002
3.515037e+002
3.435473e+002
3.345412e+002
3.226504e+002
3.184075e+002
3.162778e+002
3.144519e+002
3.130552e+002
3.119081e+002
3.110405e+002
3.105306e+002
3.101837e+002
3.098524e+002
3.095616e+002
3.135151e+002
3.178576e+002
3.226925e+002
3.272749e+002
3.313848e+002
3.350421e+002
3.381752e+002
3.408329e+002
3.430057e+002
3.446769e+002
3.458385e+002
3.464925e+002
3.466398e+002
3.462886e+002
3.454498e+002
3.441389e+002
3.423784e+002
3.401860e+002
3.375909e+002
3.346280e+002
3.313221e+002
3.276599e+002
3.236656e+002
3.194048e+002
3.151031e+002
3.112959e+002
3.120329e+002
3.124221e+002
3.127635e+002
3.132430e+002
3.139508e+002
3.150517e+002
3.165362e+002
3.182984e+002
3.199388e+002
3.211487e+002
3.273001e+002
3.344910e+002
3.415986e+002
3.478252e+002
3.533854e+002
3.583538e+002
3.626578e+002
3.664055e+002
3.695775e+002
3.721559e+002
3.741324e+002
3.754858e+002
3.761976e+002
3.762514e+002
3.756267e+002
3.743056e+002
3.722630e+002
3.694772e+002
3.659285e+002
3.615769e+002
3.562752e+002
3.498823e+002
3.424434e+002
3.345382e+002
3.271763e+002
3.255510e+002
3.229214e+002
3.204800e+002
3.184983e+002
3.170323e+002
3.160618e+002
3.154390e+002
3.149926e+002
3.144821e+002
3.199537e+002
3.252496e+002
3.296270e+002
3.335772e+002
3.370352e+002
3.399805e+002
3.424096e+002
3.443353e+002
3.457549e+002
3.466619e+002
3.470574e+002
3.469486e+002
3.463440e+002
3.452596e+002
3.437094e+002
3.417156e+002
3.393067e+002
3.365033e+002
3.333402e+002
3.297655e+002
3.258355e+002
3.216577e+002
3.167848e+002
3.167831e+002
3.173413e+002
3.180558e+002
3.192447e+002
3.210051e+002
3.231825e+002
3.265903e+002
3.346570e+002
3.409449e+002
3.466449e+002
3.517554e+002
3.563000e+002
3.601501e+002
3.634500e+002
3.661942e+002
3.683609e+002
3.699314e+002
3.708931e+002
3.712258e+002
3.709126e+002
3.699347e+002
3.682738e+002
3.659149e+002
3.628313e+002
3.590047e+002
3.542171e+002
3.484834e+002
3.418465e+002
3.330239e+002
3.284386e+002
3.255959e+002
3.232585e+002
3.216877e+002
3.207033e+002
3.199922e+002
3.236991e+002
3.279147e+002
3.321756e+002
3.360251e+002
3.393101e+002
3.420325e+002
3.442340e+002
3.459214e+002
3.470889e+002
3.477505e+002
3.478824e+002
3.475072e+002
3.466463e+002
3.453058e+002
3.435091e+002
3.412731e+002
3.386259e+002
3.355841e+002
3.321153e+002
3.282176e+002
3.240410e+002
3.201229e+002
3.216368e+002
3.218017e+002
3.230459e+002
3.245943e+002
3.280572e+002
3.293085e+002
3.346760e+002
3.403356e+002
3.456048e+002
3.503610e+002
3.544034e+002
3.578223e+002
3.607107e+002
3.630480e+002
3.648236e+002
3.660164e+002
3.666089e+002
3.665861e+002
3.659305e+002
3.646283e+002
3.626600e+002
3.600118e+002
3.566141e+002
3.523420e+002
3.471971e+002
3.413161e+002
3.355770e+002
3.337350e+002
3.295044e+002
3.273130e+002
3.256790e+002
3.254549e+002
3.306601e+002
3.350941e+002
3.388372e+002
3.418876e+002
3.443948e+002
3.463943e+002
3.478617e+002
3.487714e+002
3.491359e+002
3.489697e+002
3.483191e+002
3.472003e+002
3.455763e+002
3.434978e+002
3.410147e+002
3.381284e+002
3.348068e+002
3.309879e+002
3.266108e+002
3.251816e+002
3.265300e+002
3.281727e+002
3.296937e+002
3.344506e+002
3.398551e+002
3.447973e+002
3.490670e+002
3.526280e+002
3.556758e+002
3.582124e+002
3.601747e+002
3.615340e+002
3.623148e+002
3.625576e+002
3.622376e+002
3.612861e+002
3.596978e+002
3.574265e+002
3.544696e+002
3.507425e+002
3.460900e+002
3.406809e+002
3.353572e+002
3.330677e+002
3.308910e+002
3.293424e+002
3.341535e+002
3.385237e+002
3.421158e+002
3.447789e+002
3.470926e+002
3.489830e+002
3.501705e+002
3.507678e+002
3.507874e+002
3.502796e+002
3.494245e+002
3.480491e+002
3.460256e+002
3.436787e+002
3.409713e+002
3.378287e+002
3.342627e+002
3.298999e+002
3.313354e+002
3.340576e+002
3.398695e+002
3.441887e+002
3.479217e+002
3.510159e+002
3.538025e+002
3.560275e+002
3.574913e+002
3.583727e+002
3.588987e+002
3.588026e+002
3.581571e+002
3.570739e+002
3.551504e+002
3.524531e+002
3.494287e+002
3.455141e+002
3.397245e+002
3.358763e+002
3.385498e+002
3.427983e+002
3.460344e+002
3.477572e+002
3.505592e+002
3.519377e+002
3.527928e+002
3.530478e+002
3.527511e+002
3.516141e+002
3.512632e+002
3.489696e+002
3.465631e+002
3.437743e+002
3.413835e+002
3.374438e+002
3.346275e+002
3.358837e+002
3.395859e+002
3.439027e+002
3.463206e+002
3.497947e+002
3.522322e+002
3.543398e+002
3.544939e+002
3.555715e+002
3.557160e+002
3.552901e+002
3.543915e+002
3.536505e+002
3.505676e+002
3.477588e+002
3.454003e+002
3.413216e+002
3.084528e+002
3.030148e+002
3.037055e+002
3.113374e+002
