300.000000
300.000000
300.000000
300.000000
300.000000
300.000000
300.000000
300.000000
300.000000
300.000000
300.000000
300.000000
300.000000
300.000000
300.000000
300.000000
300.000000
315.978909
325.820995
333.179611
338.837163
343.178568
346.477636
348.895118
350.556142
351.564910
351.998281
351.924710
351.402045
350.480142
349.206230
347.616399
345.747642
343.635637
341.302746
338.777210
336.085840
333.239677
330.258052
327.157306
323.933814
320.593639
317.129095
313.497654
309.649917
305.429263
300.000000
300.000000
300.000000
300.000000
300.000000
300.000000
300.000000
300.000000
300.000000
300.000000
300.000000
300.000000
300.000000
300.000000
300.000000
301.531099
303.111148
304.727851
306.361910
307.991748
309.603709
311.175911
312.686940
314.122206
315.460197
316.680425
317.768133
318.703213
319.467282
320.045900
320.421725
320.580038
320.507872
320.192765
319.625976
318.798137
317.704749
316.346352
314.720559
312.834345
310.701767
308.328521
305.737963
302.957741
304.243856
306.904255
309.449611
311.698337
313.718984
315.456108
316.933572
318.144713
319.089055
319.773209
320.202027
320.384715
320.332970
320.059038
319.578233
318.904531
318.054751
317.047803
315.898354
314.625864
313.251110
311.788740
310.259671
308.685349
307.062988
305.433408
303.800705
302.241433
301.230166
301.357157
301.344325
301.371968
301.423140
301.482750
301.582859
301.710789
301.872864
302.096458
302.365779
302.726267
302.990209
306.106656
309.702671
313.351899
316.743948
319.979146
323.127492
326.099936
328.950995
331.667959
334.245555
336.662468
338.895631
340.928702
342.731841
344.274093
345.527743
346.453809
347.011751
347.157996
346.839433
345.998754
344.563788
342.450851
339.560427
335.683141
330.696301
324.238952
316.480448
308.236198
307.196802
305.855181
304.977183
304.334416
303.806630
303.440969
303.158349
302.969562
302.827900
302.702753
302.618537
302.384962
305.306314
308.176369
310.554406
312.723932
314.630278
316.257395
317.593542
318.664016
319.469112
320.014119
320.309127
320.363598
320.190571
319.803390
319.217099
318.449263
317.514470
316.431115
315.219173
313.893268
312.473614
310.981376
309.431180
307.800501
306.177715
304.575299
302.817842
302.707183
302.773979
302.849413
302.969615
303.123803
303.337787
303.654328
304.067907
304.544016
305.093974
306.268314
310.057263
313.240903
316.408188
319.480630
322.388903
325.112207
327.717376
330.187059
332.502903
334.653713
336.614629
338.359687
339.867718
341.106290
342.041982
342.641520
342.862610
342.661037
341.984957
340.774709
338.964500
336.467645
333.008580
328.749434
323.508318
315.799512
312.330647
310.534741
309.057446
307.952233
307.072800
306.412002
305.990669
305.687658
305.416756
305.184194
307.196157
309.382174
311.725815
313.837171
315.634679
317.142885
318.348089
319.281389
319.950083
320.360508
320.523184
320.450831
320.156536
319.656273
318.964472
318.098453
317.077489
315.916267
314.634199
313.251972
311.784021
310.228797
308.601044
306.930165
305.303164
303.910354
304.179710
304.327901
304.460873
304.648320
304.923134
305.348664
305.925325
306.613761
307.272146
307.761413
310.162011
313.095637
316.157240
318.983044
321.657286
324.202210
326.568791
328.799294
330.873131
332.768408
334.468961
335.947350
337.175614
338.128191
338.770367
339.066585
338.978314
338.460446
337.465757
335.934740
333.740526
330.734600
326.854090
322.471063
318.166423
316.531633
314.335054
312.434995
310.939466
309.835952
309.076546
308.553114
308.165319
307.777279
310.565618
313.074464
315.052122
316.741946
318.127408
319.213053
320.013332
320.545208
320.820834
320.851233
320.651141
320.234478
319.617356
318.817856
317.851640
316.737375
315.495075
314.139224
312.690183
311.129747
309.488870
307.815545
305.938900
305.946682
306.171270
306.454639
306.924850
307.620211
308.494538
309.853332
313.185579
315.909698
318.519471
321.001619
323.356461
325.504106
327.505089
329.347342
331.006947
332.459476
333.685193
334.655253
335.340026
335.709866
335.728608
335.359715
334.560688
333.286151
331.382253
328.800929
325.508028
320.595109
317.192653
315.058250
313.353872
312.174553
311.385138
310.781657
312.500284
314.488552
316.386094
317.993063
319.260954
320.207768
320.872203
321.266769
321.404925
321.303105
320.968306
320.422420
319.688527
318.774455
317.704464
316.492902
315.159196
313.716321
312.155173
310.482899
308.769181
307.223456
307.822111
307.895369
308.398773
309.026265
310.431543
310.960353
313.194904
315.677610
318.115445
320.451783
322.576282
324.515222
326.306415
327.928484
329.363961
330.587362
331.574872
332.303611
332.742300
332.861464
332.628039
332.007423
330.937414
329.310692
327.093720
324.301736
321.408742
319.708185
316.836037
315.240400
314.028024
313.590882
315.995004
317.932592
319.434638
320.552770
321.365732
321.900645
322.158262
322.144275
321.884218
321.399974
320.723849
319.867665
318.824860
317.636282
316.326992
314.902668
313.355003
311.665114
309.819884
309.243250
309.797905
310.474733
311.111651
313.120324
315.502740
317.818344
319.943364
321.846729
323.607273
325.222837
326.642050
327.838510
328.822554
329.595008
330.113782
330.339804
330.233667
329.750540
328.885036
327.545494
325.602794
323.188688
320.014445
318.331657
316.766608
315.658185
317.957977
319.724491
321.131798
322.011641
322.702126
323.145098
323.217774
323.022576
322.584924
321.937693
321.165463
320.177777
318.949439
317.654288
316.257550
314.732086
313.099571
311.193595
311.799153
312.954402
315.561818
317.609275
319.502019
321.189391
322.839477
324.290237
325.434081
326.368796
327.213278
327.779911
328.090625
328.176732
327.804058
327.029100
326.077966
324.526771
321.855173
319.324889
320.224333
322.070421
323.131455
323.497660
324.500573
324.539783
324.413343
324.026457
323.422487
322.480691
321.977295
320.499418
319.098128
317.627205
316.388765
314.528045
313.238359
313.784280
315.479229
317.552639
318.828054
320.739618
322.225908
323.594026
324.026859
325.122175
325.747883
326.105149
326.236298
326.451973
325.299528
324.542609
323.874539
321.985981
303.023733
301.012766
301.994976
308.591020
