300.000000
300.000000
300.000000
300.000000
300.000000
300.000000
300.000000
300.000000
300.000000
300.000000
300.000000
300.000000
300.000000
300.000000
300.000000
300.000000
300.000000
319.540889
333.113186
344.262985
353.697950
361.734231
368.608797
374.433514
379.291034
383.261610
386.387049
388.705858
390.259297
391.072111
391.171271
390.580536
389.319879
387.412421
384.869654
381.708497
377.947937
373.585427
368.629806
363.087432
356.927404
350.133522
342.659744
334.374725
325.112635
314.429810
300.000000
300.000000
300.000000
300.000000
300.000000
300.000000
300.000000
300.000000
300.000000
300.000000
300.000000
300.000000
300.000000
300.000000
300.000000
303.629802
307.258848
310.857496
314.378314
317.775057
321.019697
324.069206
326.885111
329.443985
331.711971
333.660343
335.271704
336.522289
337.394062
337.875482
337.953686
337.622204
336.876008
335.714679
334.144873
332.169823
329.803867
327.069100
323.979907
320.567362
316.871556
312.917342
308.754762
304.437958
306.463272
310.693142
314.885297
318.737466
322.346057
325.597863
328.516874
331.072042
333.240954
335.015339
336.381278
337.332332
337.869840
337.994050
337.711892
337.031838
335.966335
334.533853
332.748825
330.634613
328.220030
325.525449
322.584697
319.435977
316.070941
312.569258
308.940147
305.349475
303.004738
303.368774
303.393291
303.517322
303.697604
303.896285
304.195425
304.563103
305.015594
305.624783
306.348154
307.310224
308.012580
316.119031
325.116812
333.812981
341.473199
348.381991
354.723715
360.339419
365.372924
369.825172
373.708052
377.007429
379.709833
381.810130
383.287747
384.124918
384.304826
383.803833
382.601233
380.667075
377.971850
374.486567
370.157937
364.936099
358.760389
351.409345
342.851865
332.756710
321.503770
310.858428
309.892832
308.307567
307.243322
306.437681
305.742974
305.250223
304.853293
304.578668
304.359360
304.152226
303.998483
303.609768
308.195878
312.857040
316.881228
320.704071
324.217237
327.375184
330.132333
332.515457
334.502821
336.080509
337.245879
337.992767
338.321992
338.238836
337.749944
336.868363
335.605727
333.980066
332.015035
329.727814
327.146965
324.306238
321.229701
317.868657
314.391536
310.835926
306.811507
306.671996
306.947803
307.243481
307.643256
308.121927
308.744139
309.620186
310.736912
312.003372
313.445417
316.493613
325.861167
333.339711
340.408931
346.896199
352.678827
357.754205
362.286872
366.265750
369.681233
372.534438
374.807256
376.483821
377.553172
377.994180
377.788821
376.915367
375.349832
373.070760
370.041686
366.229987
361.601537
356.092116
349.358982
341.783840
333.202108
321.716758
317.543295
315.398410
313.540163
312.099887
310.903736
309.972992
309.367928
308.907886
308.464833
308.060860
311.304511
314.964831
319.035845
322.862226
326.289083
329.335640
331.947755
334.161625
335.969110
337.357431
338.321170
338.862560
338.982357
338.687864
337.987809
336.895028
335.428321
333.601845
331.438722
328.967660
326.208620
323.153870
319.823654
316.266723
312.652027
309.445318
310.219002
310.743328
311.228711
311.838681
312.651168
313.825979
315.366342
317.175050
318.894222
320.167093
325.972840
332.777429
339.531523
345.416168
350.660176
355.338409
359.385341
362.907139
365.887934
368.313234
370.176613
371.458493
372.142605
372.213481
371.650132
370.434958
368.542247
365.948424
362.632176
358.551699
353.562916
347.520936
340.448330
332.955518
325.980962
324.282458
321.580392
319.088494
317.041477
315.487033
314.392608
313.608375
312.983493
312.310038
317.063007
321.523839
325.227353
328.569551
331.494858
333.984029
336.036290
337.660628
338.856428
339.618519
339.949320
339.854001
339.340016
338.420384
337.108189
335.421211
333.382672
331.009094
328.329218
325.303732
321.977925
318.442596
314.334585
314.616883
315.373006
316.251682
317.561806
319.403813
321.659425
325.080630
332.740997
338.650996
344.004198
348.797574
353.057678
356.657032
359.741388
362.307843
364.336718
365.811574
366.721887
367.048741
366.776069
365.884882
364.355699
362.173029
359.308996
355.743474
351.262876
345.880201
339.644396
331.245517
326.645020
323.715838
321.283174
319.568438
318.393278
317.439155
320.495011
324.149240
327.817510
331.125236
333.943138
336.270971
338.155430
339.597227
340.593642
341.160779
341.269445
340.941896
340.195775
339.042352
337.499590
335.579834
333.305657
330.694956
327.717994
324.367826
320.770919
317.383080
318.997312
319.468310
320.883782
322.572870
326.068005
327.494993
332.492589
337.784511
342.703492
347.143795
350.906614
354.081668
356.764975
358.939142
360.593055
361.707778
362.270394
362.266705
361.677022
360.488539
358.680048
356.238110
353.094438
349.119163
344.321130
338.817355
333.469885
331.443812
327.154799
324.814281
322.978224
322.393743
326.917831
330.796320
334.043591
336.693414
338.870746
340.609320
341.884781
342.670372
342.980662
342.824278
342.249552
341.276583
339.861987
338.041809
335.875217
333.361176
330.479012
327.158744
323.323845
322.350681
323.870303
325.692859
327.373495
332.022448
337.010693
341.605073
345.560723
348.842376
351.653858
354.000312
355.815974
357.067551
357.788320
358.026739
357.754245
356.901186
355.454894
353.370714
350.659872
347.223824
342.899967
337.923598
332.693068
330.236720
327.857246
326.092102
330.473798
334.250591
337.443492
339.756652
341.801428
343.492640
344.527617
345.041187
345.038012
344.559177
343.817407
342.626039
340.822853
338.715947
336.337158
333.558944
330.439847
326.632078
328.369249
331.281702
336.706769
340.659752
344.090927
346.894776
349.459467
351.523522
352.851054
353.629689
354.130673
354.059656
353.493449
352.546808
350.782950
348.308744
345.587095
341.984515
336.574269
332.543411
334.737659
338.647576
341.458443
342.870637
345.564859
346.715545
347.460691
347.672658
347.390743
346.252213
346.139474
344.027386
341.849881
339.241416
337.242196
333.595704
331.182894
332.702609
335.992886
340.044254
342.077496
345.300597
347.529124
349.554068
349.491179
350.534302
350.677246
350.311104
349.533154
349.000605
346.022408
343.556265
341.539189
337.689257
308.092737
302.440893
302.996807
310.853501
