300.000000
300.000000
300.000000
300.000000
300.000000
300.000000
300.000000
300.000000
300.000000
300.000000
300.000000
300.000000
300.000000
300.000000
300.000000
300.000000
300.000000
320.847803
335.277068
346.927946
356.541509
364.471422
370.982238
376.210664
380.265990
383.251086
385.234248
386.282715
386.461717
385.826872
384.438199
382.347217
379.609887
376.286978
372.423007
368.076203
363.308079
358.156659
352.679030
346.932027
340.940873
334.753376
328.403049
321.875394
315.160689
308.139321
300.000000
300.000000
300.000000
300.000000
300.000000
300.000000
300.000000
300.000000
300.000000
300.000000
300.000000
300.000000
300.000000
300.000000
300.000000
308.513547
317.212139
326.009689
334.783855
343.388950
351.741524
359.715593
367.195037
374.104887
380.340271
385.808798
390.450876
394.188070
396.957652
398.718144
399.423149
399.044210
397.560050
394.959929
391.251789
386.435232
380.536076
373.598071
365.641304
356.725186
346.927383
336.273240
324.861741
312.774118
317.738891
328.860553
339.729161
349.501829
358.511949
366.481750
373.510334
379.542172
384.540342
388.498101
391.394486
393.226048
394.005905
393.747231
392.480406
390.238151
387.066705
383.027981
378.172820
372.576953
366.329128
359.495910
352.177540
344.483253
336.398496
328.156917
319.779744
311.768395
306.171606
306.310307
305.764092
305.394715
305.114943
304.855741
304.721383
304.648265
304.639977
304.738970
304.893942
305.173270
305.188207
310.111307
316.523449
323.139215
329.472826
335.612323
341.613683
347.311557
352.751165
357.879622
362.663076
367.041920
370.958617
374.371889
377.221531
379.451737
381.015776
381.855424
381.917560
381.147092
379.485026
376.875422
373.243074
368.512982
362.601302
355.268702
346.443649
335.769495
323.574299
312.307945
311.751961
310.432156
309.692527
309.238889
308.895123
308.805207
308.834516
309.059047
309.366069
309.645859
309.981452
309.634882
321.050288
332.768953
342.498482
351.558309
359.761583
366.997467
373.153619
378.340838
382.526823
385.695295
387.852542
388.998417
389.149196
388.329398
386.570443
383.919373
380.418291
376.127957
371.122382
365.458888
359.223106
352.510814
345.393713
337.730329
330.042305
322.364170
313.721444
312.123081
311.427565
310.731867
310.203226
309.771634
309.505424
309.477230
309.615460
309.817811
310.120292
311.386247
318.384493
324.534462
330.724405
336.764721
342.522857
347.937308
353.080102
357.892242
362.317104
366.316160
369.829391
372.800522
375.186081
376.928391
377.974961
378.277026
377.779542
376.432671
374.177291
370.955149
366.709232
361.355194
354.545031
346.581523
337.314996
324.762346
321.116730
319.647306
318.483208
317.773753
317.326785
317.195537
317.568286
318.179490
318.734105
319.245543
327.529903
335.777079
344.800269
353.330336
360.789835
367.269555
372.636049
377.038359
380.474537
382.932969
384.417658
384.946509
384.537609
383.224107
381.040173
378.032936
374.263047
369.779452
364.653784
358.968994
352.786997
346.077929
338.899188
331.418321
324.216633
318.071849
318.030716
317.113273
316.095602
315.261905
314.703751
314.533414
314.652644
314.922667
315.045973
314.981826
319.991583
326.040256
332.251118
338.066153
343.595643
348.841770
353.697349
358.202157
362.296311
365.922483
369.038971
371.587448
373.514846
374.776373
375.317855
375.091183
374.046372
372.132773
369.305065
365.500681
360.568929
354.336947
346.776133
338.392869
330.340559
329.635295
328.027766
326.612842
325.671887
325.310835
325.593768
326.372947
327.394327
328.140466
337.490033
347.229983
354.877507
361.602478
367.319326
372.019389
375.709209
378.451373
380.258685
381.137621
381.110311
380.202851
378.449636
375.897536
372.590893
368.588053
363.958672
358.756709
353.063093
346.763534
340.004841
333.012210
324.861406
322.551056
321.276782
320.227819
319.736550
319.753339
320.045997
321.124071
328.074774
333.940734
339.597486
344.971180
350.023072
354.621067
358.824712
362.593475
365.866672
368.588587
370.717110
372.197814
372.981488
373.022793
372.272938
370.690219
368.225302
364.835435
360.313276
354.612063
347.764875
338.432808
335.299497
333.892411
332.982792
332.988352
333.802991
334.991260
342.377665
349.277386
356.208385
362.309363
367.356727
371.380284
374.405394
376.516269
377.725253
378.032511
377.492542
376.134661
374.026210
371.145761
367.587855
363.396412
358.639910
353.334444
347.450569
341.053117
334.444773
328.521579
328.395725
325.920385
325.103139
324.582861
325.754764
324.903983
330.133275
335.864960
341.441504
346.710149
351.505176
355.851386
359.776513
363.221504
366.141066
368.478621
370.185936
371.219934
371.528497
371.070693
369.801299
367.681578
364.636641
360.525204
355.273202
348.972894
342.552407
342.539751
339.989491
339.674532
340.011895
342.675553
350.937569
357.547344
363.144132
367.458450
370.781536
373.169388
374.675709
375.312773
375.095161
374.103053
372.356999
369.833551
366.625896
362.917080
358.617902
353.778859
348.310146
342.243918
335.752684
331.433759
330.669292
329.873627
329.265395
332.299947
338.165816
343.695773
348.745827
353.325448
357.445213
361.111333
364.219555
366.763332
368.722621
370.006791
370.570588
370.391656
369.425829
367.627789
364.935316
361.270976
356.444905
350.419544
346.235989
345.896889
346.016128
346.521999
352.617306
359.387685
363.998861
367.650283
370.281364
372.048913
373.025958
373.088752
372.398671
371.086566
368.915611
365.912588
362.447798
358.782310
354.307102
349.412369
343.883911
337.064244
335.182721
334.833063
341.099940
346.370049
351.148588
355.582926
359.553453
362.806478
365.519446
367.761740
369.344021
370.162457
370.212449
369.538533
368.085743
365.680591
362.457618
358.343829
352.229035
351.051587
356.174013
360.852527
365.288742
368.047104
369.735403
371.262009
371.582085
371.079336
369.886010
368.574451
365.686876
362.195903
358.413157
355.101966
350.257858
345.659313
340.775309
339.256657
344.571151
349.226406
353.981151
358.508625
362.138884
364.640283
367.283272
369.262144
370.335167
370.598610
370.083916
368.927520
367.175556
363.755950
360.344639
356.568504
304.843706
305.382181
308.380411
311.899068
