300.000000
300.000000
300.000000
300.000000
300.000000
300.000000
300.000000
300.000000
300.000000
300.000000
300.000000
300.000000
300.000000
300.000000
300.000000
300.000000
300.000000
324.835003
343.676701
360.019024
374.500310
387.371759
398.833156
408.938579
417.719781
425.227403
431.459534
436.418689
440.126161
442.579009
443.785376
443.759544
442.511346
440.062900
436.426356
431.625715
425.695537
418.642243
410.496223
401.291616
391.009034
379.661930
367.230866
353.579667
338.544563
321.626958
300.000000
300.000000
300.000000
300.000000
300.000000
300.000000
300.000000
300.000000
300.000000
300.000000
300.000000
300.000000
300.000000
300.000000
300.000000
314.670029
329.193836
343.479472
357.354189
370.620008
383.174716
394.850439
405.499856
415.037622
423.338672
430.301384
435.870038
439.968577
442.547646
443.583807
443.055086
440.967716
437.331908
432.181640
425.578317
417.565288
408.230588
397.686900
386.009504
373.334134
359.820351
345.557059
330.738964
315.530155
321.552524
335.636519
349.886047
363.121785
375.726583
387.255535
397.794244
407.213143
415.407477
422.320641
427.871429
432.003403
434.691379
435.904440
435.637813
433.898556
430.707919
426.112931
420.152465
412.898263
404.445704
394.863808
384.270904
372.803874
360.415658
347.428719
333.847845
320.435699
310.992451
311.457896
310.705492
310.273498
310.005464
309.778361
309.798462
309.952590
310.256124
310.817958
311.533362
312.589630
313.078862
325.544602
340.361403
354.766926
367.650772
379.359506
390.107826
399.637075
408.122640
415.538535
421.884426
427.123120
431.225774
434.181709
435.962335
436.550837
435.934417
434.098886
431.042109
426.748664
421.216253
414.451472
406.425769
397.132764
386.561898
374.475868
360.946212
345.673365
329.257940
315.197139
314.709628
313.101725
312.141624
311.501767
310.977099
310.763418
310.698791
310.882761
311.185054
311.482426
311.879976
311.500258
325.554966
340.591639
353.520412
365.977767
377.661787
388.359485
397.845123
406.228424
413.411091
419.316588
423.907480
427.131554
428.960683
429.387044
428.406772
426.040924
422.312039
417.265096
410.968332
403.472941
394.869869
385.270522
374.756201
363.088044
351.007359
338.574459
324.171359
321.868219
321.101130
320.343049
319.887457
319.621762
319.685380
320.253509
321.215711
322.363423
323.759198
327.589262
343.301823
356.155305
368.356785
379.564158
389.575565
398.366050
406.150941
412.888143
418.544941
423.112364
426.555462
428.850174
429.984241
429.936646
428.698645
426.257492
422.607303
417.753694
411.679896
404.388704
395.889168
386.147349
374.745635
362.305579
348.710074
331.491991
327.003462
325.116040
323.509388
322.429166
321.654513
321.277998
321.549295
322.141917
322.709297
323.289624
333.800012
344.570075
356.762055
368.712321
379.577848
389.418919
397.973299
405.402741
411.655692
416.662015
420.373648
422.770507
423.826559
423.538919
421.915118
418.976073
414.765650
409.318677
402.699884
394.995700
386.267895
376.448895
365.584970
353.881216
342.182684
331.861492
332.318253
331.418792
330.361625
329.646456
329.446069
330.019785
331.233587
332.833873
334.170211
334.939644
345.436770
357.598501
369.497994
379.938553
389.251035
397.518557
404.624303
410.704442
415.717841
419.632580
422.435347
424.097273
424.602112
423.937791
422.091888
419.064787
414.845129
409.436382
402.852904
395.077516
385.956620
375.348931
363.370323
350.854347
339.403626
338.640007
336.445867
334.357851
332.819403
332.023222
332.069504
332.778766
333.843053
334.635012
347.049606
360.428138
371.401289
381.467797
390.441142
398.242170
404.819025
410.211263
414.389018
417.307283
418.944402
419.292754
418.350946
416.137963
412.678901
408.013861
402.203702
395.293864
387.368610
378.241198
368.075220
357.176492
344.073254
341.174898
339.981257
339.177073
339.406946
340.670138
342.568662
346.280491
360.015675
370.814049
380.618148
389.369641
397.074474
403.556890
409.000812
413.390865
416.687667
418.864687
419.909683
419.802964
418.536578
416.100015
412.491605
407.723107
401.786847
394.699251
386.187967
376.321843
365.277217
351.212450
346.648355
344.354770
342.683926
342.240427
342.890553
344.073464
354.015192
363.812764
374.042702
383.481290
391.725113
398.741532
404.523785
409.138480
412.547391
414.725901
415.654326
415.337592
413.814560
411.049553
407.111637
402.026382
395.853218
388.592559
380.163616
370.599015
360.305526
350.702848
351.519482
348.620844
348.488141
348.931745
352.724291
352.614006
362.284996
372.403948
381.725150
390.029800
397.059465
402.943289
407.796308
411.579924
414.272192
415.844306
416.284109
415.579237
413.716338
410.701650
406.527375
401.208844
394.683536
386.802676
377.575723
367.272606
357.371301
357.140240
352.925035
351.916826
351.807552
354.918819
366.865370
376.971437
385.952952
393.361444
399.564924
404.608757
408.508748
411.205492
412.656241
412.904877
411.964205
409.799160
406.463828
402.125049
396.686615
390.184700
382.471961
373.501516
363.391175
357.393992
357.370395
357.533695
357.865840
364.530566
374.484915
383.424541
391.079174
397.492274
402.839723
407.155137
410.338406
412.393554
413.334701
413.155359
411.867479
409.417341
405.834323
401.092354
395.158340
387.984309
379.357082
369.382509
362.479514
361.410397
360.864227
360.949588
370.323836
380.879944
388.785641
395.369458
400.771897
405.179165
408.460335
410.398304
411.121283
410.773004
409.201139
406.351663
402.465191
397.903946
392.044074
385.225502
377.192998
366.892019
365.633581
367.031853
377.577683
385.693301
392.623540
398.501634
403.435406
407.102580
409.581701
411.019333
411.395532
410.554676
408.584664
405.683025
401.558223
396.054426
389.659642
382.131374
371.737711
368.965809
376.673951
384.765989
392.633286
397.763097
402.344910
406.535413
408.958748
410.110133
410.092780
409.280805
407.120112
403.343743
398.786696
394.201882
388.005918
380.931029
373.935690
373.052126
381.029556
388.373300
394.412462
400.440918
404.706662
407.548872
409.271268
410.335824
409.943491
408.379735
405.756840
402.687090
397.884905
391.116914
385.085577
378.252158
312.608291
309.444117
310.059857
314.399852
