300.000000
300.000000
300.000000
300.000000
300.000000
300.000000
300.000000
300.000000
300.000000
300.000000
300.000000
300.000000
300.000000
300.000000
300.000000
300.000000
300.000000
318.267401
330.264988
339.639458
347.153399
353.176786
357.978944
361.709321
364.485742
366.411989
367.561250
368.001845
367.795529
366.995398
365.655235
363.818855
361.532665
358.844564
355.787656
352.404549
348.738521
344.813353
340.666068
336.331858
331.820426
327.157076
322.353034
317.378501
312.202171
306.684238
300.000000
300.000000
300.000000
300.000000
300.000000
300.000000
300.000000
300.000000
300.000000
300.000000
300.000000
300.000000
300.000000
300.000000
300.000000
304.679099
309.477777
314.353510
319.242957
324.069855
328.789175
333.331613
337.631772
341.646224
345.313577
348.578078
351.401963
353.735273
355.535753
356.773222
357.412982
357.429822
356.803222
355.517240
353.566697
350.942853
347.651494
343.709952
339.123811
333.922247
328.147865
321.815064
314.984326
307.710951
310.747053
317.469469
323.997283
329.826899
335.154127
339.818273
343.880759
347.313987
350.103131
352.251441
353.755066
354.620943
354.864776
354.502956
353.561481
352.066135
350.050733
347.557170
344.619226
341.284812
337.608056
333.628827
329.405697
325.000998
320.406575
315.750982
311.045151
306.554656
303.471833
303.611788
303.361888
303.212839
303.116222
303.032585
303.027368
303.064742
303.149912
303.317339
303.534874
303.858594
304.007776
307.961079
312.861585
317.885856
322.642506
327.226445
331.701448
335.943158
340.001902
343.846311
347.457769
350.796977
353.824544
356.512201
358.815523
360.691461
362.102935
363.001399
363.339847
363.068805
362.131870
360.471903
358.014956
354.681111
350.378025
344.882266
338.095132
329.657905
319.814800
310.150547
309.339420
308.009579
307.198788
306.647759
306.210041
305.978589
305.848366
305.861473
305.940361
306.017042
306.144386
305.870322
312.858581
319.964163
325.843506
331.278949
336.152899
340.404489
343.976269
346.936137
349.271538
350.980529
352.074205
352.560733
352.457956
351.787315
350.574640
348.854203
346.655811
344.020050
340.994113
337.613968
333.931549
330.003440
325.870966
321.457623
317.049497
312.667836
307.774027
307.000853
306.730189
306.461402
306.290946
306.181576
306.179079
306.340460
306.630045
306.982106
307.419422
308.637588
313.913254
318.472002
323.041918
327.493318
331.727676
335.705345
339.495696
343.061999
346.367959
349.389462
352.084953
354.413921
356.344362
357.831518
358.832471
359.306160
359.203719
358.477724
357.072444
354.928411
351.983587
348.152170
343.124591
337.128664
329.997964
320.013525
316.464111
314.825238
313.500002
312.587038
311.918715
311.516681
311.481842
311.625724
311.763367
311.904817
316.922226
321.991365
327.502727
332.647268
337.104038
340.930430
344.058270
346.576582
348.490400
349.800190
350.516192
350.656099
350.238184
349.289243
347.835285
345.910040
343.554296
340.800403
337.693729
334.285134
330.611828
326.659910
322.464654
318.118908
313.933098
310.364157
310.506913
310.182404
309.799756
309.527658
309.426849
309.584080
309.954898
310.454236
310.868294
311.103321
314.712228
319.089887
323.613435
327.828881
331.832706
335.637975
339.168526
342.465493
345.489810
348.202775
350.575976
352.567093
354.135886
355.247268
355.856788
355.922365
355.399533
354.239982
352.396851
349.808793
346.337557
341.822952
336.217877
329.957159
323.891424
322.697099
320.783364
319.119233
317.894454
317.152725
316.900030
317.010902
317.313643
317.491506
323.384884
329.320574
333.968270
338.015188
341.413464
344.163294
346.277514
347.796670
348.735308
349.104734
348.925655
348.219867
347.014423
345.343096
343.236743
340.734346
337.880550
334.709261
331.269878
327.500438
323.486335
319.357161
314.597952
313.562648
313.113024
312.794735
312.831099
313.221052
313.833057
315.067528
320.078016
324.261227
328.288365
332.118248
335.733115
339.028509
342.064526
344.815608
347.240334
349.299200
350.961526
352.185881
352.932794
353.164642
352.838634
351.915139
350.347888
348.092184
344.968962
340.930163
335.972931
328.987262
325.720813
323.939779
322.623351
322.019451
322.008333
322.278349
326.692622
330.994816
335.255095
338.959318
341.977986
344.336506
346.068667
347.222780
347.813855
347.852083
347.369882
346.394297
344.971234
343.095838
340.827291
338.194954
335.242304
331.984773
328.404486
324.535884
320.556448
316.990404
317.275069
316.191254
316.098214
316.206063
317.513111
317.409563
321.032853
325.024875
328.923917
332.628761
336.002852
339.071685
341.868321
344.353451
346.496221
348.256065
349.597082
350.486285
350.881872
350.748208
350.045827
348.737470
346.754493
343.973211
340.340346
335.906622
331.358920
330.461685
327.756679
326.781754
326.321474
327.376618
332.538675
336.662322
340.070832
342.664582
344.623655
345.990212
346.791816
347.039204
346.754939
345.990197
344.773003
343.099894
341.012237
338.618831
335.892536
332.860709
329.478195
325.750244
321.748727
319.457360
319.417751
319.427666
319.498131
321.990836
325.992575
329.806503
333.298811
336.456804
339.327769
341.913079
344.135979
345.978943
347.437873
348.469683
349.029576
349.085985
348.596071
347.514290
345.808011
343.391454
340.106619
336.004193
332.369424
331.334201
330.583890
330.259351
334.331345
338.440897
341.331438
343.489203
345.059580
346.088101
346.547029
346.434692
345.842356
344.849675
343.390659
341.431137
339.131520
336.709009
333.861219
330.755471
327.305174
323.118609
322.592620
323.066616
327.379120
330.930911
334.175211
337.153164
339.899828
342.208262
344.102860
345.669734
346.882469
347.590588
347.802406
347.553708
346.695314
345.175908
343.174854
340.434622
336.160199
334.290116
337.177674
340.334685
342.961008
344.432641
345.724875
346.428335
346.478275
346.004885
345.094893
343.953344
342.312693
339.866147
337.333110
334.986397
332.062084
328.914241
325.955023
325.557049
328.936091
332.222575
335.124196
338.273658
340.779483
342.696612
344.181386
345.719368
346.582461
346.923084
346.777363
346.369554
344.962582
342.977916
341.032872
338.274771
303.866465
302.988508
305.076263
310.145997
