300.000000
300.000000
300.000000
300.000000
300.000000
300.000000
300.000000
300.000000
300.000000
300.000000
300.000000
300.000000
300.000000
300.000000
300.000000
300.000000
300.000000
317.165943
328.243780
336.845544
343.726515
349.247785
353.671068
357.141849
359.772792
361.661807
362.876527
363.478207
363.521601
363.051330
362.111113
360.735683
358.959706
356.817963
354.332035
351.529655
348.438129
345.066876
341.434858
337.558092
333.427249
329.044491
324.393385
319.408066
314.008597
307.958383
300.000000
300.000000
300.000000
300.000000
300.000000
300.000000
300.000000
300.000000
300.000000
300.000000
300.000000
300.000000
300.000000
300.000000
300.000000
301.960501
303.960591
305.984416
308.006819
310.001567
311.951928
313.831569
315.615378
317.286680
318.821117
320.196170
321.396186
322.399941
323.188782
323.748542
324.062522
324.117508
323.902042
323.406145
322.624412
321.550364
320.183903
318.530755
316.592925
314.383556
311.923519
309.224244
306.316185
303.234839
304.687728
307.678688
310.575844
313.173157
315.542173
317.614205
319.411640
320.921551
322.137959
323.063754
323.699395
324.050564
324.126744
323.937714
323.497225
322.818365
321.917376
320.813475
319.521666
318.062655
316.459338
314.727924
312.892419
310.978115
308.981472
306.951139
304.892818
302.899284
301.615151
301.809238
301.819698
301.884270
301.980323
302.087574
302.250674
302.452710
302.702976
303.041356
303.445265
303.982053
304.379395
308.902470
314.023113
319.117752
323.750342
328.071846
332.183912
335.973172
339.518677
342.809312
345.842680
348.597080
351.049680
353.185192
354.973866
356.386019
357.394914
357.963572
358.054946
357.627507
356.633077
355.021033
352.723450
349.665641
345.759179
340.790026
334.664678
327.031929
318.134209
309.091454
308.061508
306.626915
305.674873
304.966028
304.371641
303.951955
303.619511
303.388879
303.207736
303.042958
302.923379
302.637640
305.927977
309.191184
311.941132
314.487751
316.761692
318.739945
320.403066
321.775169
322.851019
323.631250
324.122958
324.332106
324.269155
323.945899
323.375846
322.575973
321.560633
320.348612
318.961177
317.413942
315.729407
313.931920
312.038500
310.022311
307.986723
305.951186
303.697249
303.613263
303.757974
303.915062
304.131452
304.393648
304.737711
305.225363
305.850586
306.564202
307.381193
309.100422
314.464120
318.874336
323.173531
327.254810
331.029798
334.479669
337.698715
340.669246
343.373187
345.800919
347.927181
349.726548
351.178743
352.252227
352.915745
353.137419
352.878153
352.098475
350.749460
348.777893
346.126229
342.713699
338.241700
332.943082
326.641455
317.715705
313.987187
312.049837
310.421798
309.181921
308.175017
307.402175
306.893400
306.510165
306.156778
305.844521
308.123441
310.660040
313.416215
315.932534
318.116223
319.989074
321.528333
322.764373
323.700556
324.338614
324.685404
324.751384
324.547078
324.086856
323.384265
322.456105
321.322094
319.997298
318.502514
316.860775
315.088204
313.182950
311.161691
309.057675
306.971485
305.159492
305.582275
305.864584
306.127089
306.461765
306.913431
307.572613
308.443163
309.471025
310.454495
311.187785
314.541617
318.575544
322.706840
326.434367
329.881916
333.085251
335.987403
338.648401
341.046974
343.161226
344.975919
346.463672
347.597701
348.353471
348.698107
348.599258
348.020429
346.921042
345.259990
342.981810
339.952534
336.023041
331.156642
325.805847
320.664308
318.969980
316.566544
314.435046
312.723558
311.436828
310.528826
309.877502
309.368805
308.851403
312.143467
315.120885
317.521029
319.615394
321.377065
322.804109
323.907400
324.701060
325.194230
325.394252
325.313277
324.963541
324.359622
323.518990
322.457272
321.193563
319.749266
318.139878
316.388290
314.472895
312.428050
310.311797
307.914498
308.056288
308.471707
308.961294
309.701832
310.752294
312.050327
314.028899
318.592965
322.236522
325.652108
328.827814
331.769902
334.380492
336.744762
338.851624
340.676425
342.195007
343.388522
344.228961
344.688630
344.739267
344.347690
343.481818
342.102047
340.169088
337.508802
334.090819
329.905374
323.913618
320.067707
317.624666
315.636677
314.233345
313.263077
312.487987
314.509243
316.925215
319.271535
321.307182
322.962932
324.251902
325.217090
325.866208
326.208992
326.263107
326.025153
325.518507
324.765446
323.776320
322.573961
321.172914
319.594034
317.853022
315.936076
313.846487
311.667802
309.668075
310.585268
310.834176
311.639077
312.609401
314.646442
315.474525
318.487295
321.775265
324.938437
327.904568
330.532771
332.866007
334.958689
336.788851
338.339242
339.584367
340.501705
341.069283
341.257319
341.039418
340.384493
339.262612
337.608052
335.304552
332.331608
328.734337
325.107161
323.229516
319.847104
317.950750
316.475306
315.898160
318.851751
321.297661
323.246365
324.755315
325.913843
326.751213
327.259637
327.436082
327.305092
326.885032
326.215137
325.311418
324.154880
322.784732
321.240365
319.525481
317.630918
315.522848
313.167010
312.551421
313.425525
314.479765
315.458727
318.250773
321.374537
324.353926
327.024505
329.349417
331.445470
333.310995
334.887783
336.144717
337.098847
337.765081
338.102151
338.060088
337.604697
336.689380
335.314773
333.383497
330.754448
327.598530
323.745749
321.749824
319.851067
318.469362
321.358041
323.636052
325.520540
326.763376
327.805285
328.571478
328.877866
328.847846
328.499512
327.867681
327.085059
326.026853
324.620467
323.085330
321.417290
319.550759
317.525668
315.131735
316.134872
317.857816
321.272581
323.869925
326.218245
328.242967
330.186719
331.851865
333.082617
334.006918
334.797831
335.225353
335.327778
335.160177
334.417225
333.178303
331.747183
329.615562
326.143472
323.055224
324.251527
326.684769
328.192297
328.799539
330.295592
330.593578
330.676689
330.423552
329.877224
328.827862
328.452052
326.756893
325.116917
323.295594
321.867762
319.488715
317.915633
318.803190
320.931325
323.591966
325.063507
327.381804
329.110307
330.715238
330.994064
332.127632
332.656867
332.848627
332.762676
332.824168
331.132061
329.936039
328.930551
326.457590
304.436797
301.313177
302.190139
309.337878
