300.000000
300.000000
300.000000
300.000000
300.000000
300.000000
300.000000
300.000000
300.000000
300.000000
300.000000
300.000000
300.000000
300.000000
300.000000
300.000000
300.000000
320.624708
335.337089
347.659535
358.280708
367.497920
375.537306
382.495102
388.439333
393.441132
397.528770
400.728260
403.072778
404.575428
405.252793
405.121219
404.190999
402.476944
399.983292
396.718959
392.696168
387.904125
382.344042
376.015001
368.873144
360.890720
352.004826
342.049458
330.813553
317.749419
300.000000
300.000000
300.000000
300.000000
300.000000
300.000000
300.000000
300.000000
300.000000
300.000000
300.000000
300.000000
300.000000
300.000000
300.000000
304.893857
309.751829
314.535674
319.182627
323.631342
327.846173
331.772097
335.361107
338.585206
341.403778
343.783724
345.706587
347.146820
348.086898
348.517264
348.427816
347.816939
346.684155
345.035791
342.886996
340.247616
337.141960
333.603390
329.654422
325.338283
320.708136
315.797052
310.669089
305.390182
307.811824
312.960392
318.109430
322.879858
327.390761
331.496099
335.223126
338.528743
341.379628
343.760206
345.646784
347.024636
347.889520
348.235002
348.063190
347.379211
346.192699
344.521436
342.379231
339.791097
336.789791
333.398301
329.657102
325.613225
321.253587
316.681169
311.905813
307.152354
304.005287
304.453057
304.450240
304.577798
304.777732
305.000276
305.350307
305.785338
306.324819
307.057061
307.927598
309.090658
309.925196
319.871398
330.879434
341.422907
350.622204
358.830503
366.274442
372.776653
378.514369
383.496815
387.745109
391.251267
394.008941
396.020213
397.271536
397.753500
397.456261
396.365073
394.469432
391.746821
388.178706
383.748195
378.410251
372.128018
364.854740
356.365873
346.659113
335.412016
323.063029
311.687420
310.770495
309.132978
308.035440
307.204373
306.482616
305.977318
305.573033
305.304076
305.095216
304.895975
304.755100
304.328905
309.832403
315.499904
320.423976
325.143017
329.524835
333.507149
337.025105
340.110014
342.729377
344.859690
346.491898
347.611627
348.213091
348.297029
347.865218
346.927789
345.494247
343.581805
341.215438
338.413045
335.206987
331.637090
327.731844
323.423545
318.932881
314.306301
309.020525
308.761103
309.052324
309.366282
309.813484
310.359494
311.085355
312.126450
313.462047
314.976879
316.703384
320.395748
331.844856
340.910680
349.396614
357.097408
363.877310
369.745305
374.901713
379.340814
383.059430
386.066039
388.348376
389.897671
390.709621
390.770566
390.071272
388.596895
386.332946
383.268690
379.375228
374.631473
369.015838
362.472802
354.640287
345.968367
336.298309
323.606240
319.264496
317.061751
315.135934
313.642766
312.399537
311.438441
310.840010
310.401296
309.972229
309.579898
313.521752
317.938046
322.892257
327.608986
331.877154
335.716419
339.049685
341.920805
344.314370
346.208152
347.588636
348.452550
348.793989
348.615304
347.921730
346.723093
345.037182
342.877142
340.267199
337.239417
333.815848
329.982385
325.760337
321.210444
316.560514
312.411442
313.332071
313.905502
314.426077
315.104604
316.038046
317.421988
319.253223
321.408388
323.446188
324.943647
332.049336
340.302552
348.404301
355.384402
361.526911
366.927914
371.520881
375.435656
378.661058
381.188409
383.017590
384.135093
384.532080
384.199467
383.124275
381.298228
378.702580
375.323902
371.152147
366.153306
360.180104
353.091058
344.937084
336.397233
328.529852
326.882441
324.102980
321.503803
319.361432
317.746817
316.638983
315.876577
315.287691
314.623879
320.288896
325.739841
330.296607
334.454066
338.138790
341.321143
343.992390
346.160121
347.817470
348.951085
349.556856
349.635110
349.188277
348.226042
346.759380
344.804676
342.385795
339.519400
336.237511
332.485655
328.316871
323.844043
318.586125
318.795092
319.621777
320.604340
322.125638
324.300256
326.971924
331.055002
340.332715
347.418858
353.765215
359.374303
364.284338
368.358107
371.771204
374.526543
376.608859
378.007620
378.718282
378.728511
378.030069
376.610291
374.458404
371.568906
367.921101
363.505747
358.092095
351.714677
344.452309
334.869321
330.001087
326.928370
324.371032
322.603468
321.439760
320.519802
324.296577
328.721691
333.222543
337.333191
340.886824
343.875267
346.343199
348.290813
349.707431
350.605889
350.944535
350.742867
350.015514
348.771272
347.025929
344.789766
342.085849
338.930708
335.284063
331.134058
326.635522
322.368073
324.259584
324.686956
326.310079
328.267934
332.425307
334.056786
340.115319
346.462369
352.291149
357.480098
361.808082
365.390069
368.342763
370.652797
372.313790
373.312020
373.641344
373.293105
372.254559
370.521578
368.079372
364.924343
360.988776
356.138238
350.394721
343.911982
337.683203
335.699682
331.079577
328.640116
326.753041
326.343785
331.832865
336.577985
340.626848
343.978885
346.783813
349.077189
350.829021
351.999695
352.595008
352.619051
352.120811
351.118914
349.562405
347.488253
344.956038
341.962928
338.476492
334.409820
329.673413
328.332982
330.073282
332.166548
334.101706
339.646021
345.630405
351.068584
355.684372
359.450633
362.610136
365.174021
367.075646
368.284559
368.841352
368.809355
368.170418
366.847950
364.843129
362.114355
358.675706
354.432930
349.214350
343.274392
337.438459
334.880208
332.410060
330.588768
335.794644
340.499437
344.456395
347.427057
350.067643
352.303392
353.789512
354.645176
354.872430
354.517794
353.811538
352.548074
350.539850
348.128749
345.337075
342.028293
338.253695
333.574850
335.508852
338.879127
345.364705
350.040304
354.036741
357.248104
360.113776
362.349588
363.700511
364.376387
364.678651
364.298418
363.330603
361.920651
359.585217
356.429751
352.984483
348.588651
342.164470
337.837487
340.700164
345.409121
349.010632
350.952683
354.255404
355.950851
357.100592
357.606069
357.504753
356.398040
356.360050
354.067922
351.614111
348.626833
346.242424
341.936775
338.987705
340.683711
344.648186
349.400013
351.800764
355.467710
357.933480
360.112501
359.927538
360.857777
360.749481
360.037936
358.836849
357.898090
354.279065
351.058631
348.421793
343.873083
309.991611
303.275860
303.617236
311.553919
