14.920734
14.911386
14.545453
14.523264
12.624067
12.493707
14.003376
13.858588
12.926659
12.791383
12.420543
12.290973
14.875642
14.995124
13.483928
13.346824
10.207932
10.266010
14.810135
14.920435
17.850028
17.749046
12.304336
12.213783
10.207660
10.104880
10.104880
12.124139
12.159836
12.268460
17.850504
18.032069
18.032069
15.029352
14.984731
14.852058
12.202470
12.696399
12.984008
13.163903
13.542304
13.755954
14.069628
14.284263
14.651046
14.799476
14.432055
14.216147
13.783585
13.680960
13.301610
13.120008
12.721648
12.216226
12.097737
12.081698
12.220706
12.409038
12.568476
12.715797
12.891890
13.068940
13.250895
13.448646
13.617446
13.776879
13.972230
14.185757
14.374059
14.567870
14.776801
15.056329
15.069886
14.882982
14.691735
14.514649
14.314482
14.102213
13.923784
13.762192
13.578284
13.398085
13.215166
13.018331
12.851130
12.697669
12.505040
12.333162
12.137564
11.969540
11.967146
12.097576
12.265843
12.448064
12.589189
12.759104
12.932951
13.110740
13.294429
13.487254
13.639433
13.824445
14.020377
14.229042
14.403316
14.621871
14.839290
15.012629
15.216369
15.220529
15.047298
14.835532
14.662088
14.465383
14.266942
14.060064
13.901431
13.718040
13.537701
13.355546
13.170925
12.978123
12.828532
12.652039
12.464257
12.286877
12.047114
11.865145
11.858344
12.013829
12.175492
12.341305
12.502289
12.666893
12.838628
13.013732
13.193247
13.370959
13.544381
13.724352
13.914597
14.105410
14.297982
14.502269
14.735189
15.126756
15.350864
15.361101
15.157949
14.960376
14.765771
14.572338
14.375304
14.182825
14.000762
13.819930
13.637251
13.454475
13.270344
13.091351
12.920456
12.746947
12.572163
12.376569
12.200600
12.080007
11.902857
11.744501
11.682731
11.727053
11.888978
12.046712
12.211992
12.374671
12.536760
12.705375
12.877631
13.052745
13.231210
13.405947
13.581815
13.766413
13.956403
14.144961
14.343044
14.553115
14.789021
14.951103
15.096533
15.304880
15.512587
15.595646
15.535977
15.320908
15.118590
14.920137
14.725369
14.529849
14.333390
14.145715
13.963476
13.779727
13.596582
13.413546
13.231034
13.056139
12.884587
12.707916
12.530743
12.331600
12.165512
11.972413
11.812265
11.654337
11.545916
11.465529
11.632448
11.796212
11.956142
12.117594
12.279916
12.443832
12.611029
12.780899
12.953229
13.127620
13.303029
13.480782
13.662458
13.847413
14.034872
14.230465
14.438888
14.652902
15.231593
15.426782
15.633120
15.781501
15.892253
15.663165
15.443864
15.237179
15.036267
14.837807
14.640989
14.446398
14.255818
14.069065
13.883371
13.698848
13.515787
13.335439
13.158463
12.983835
12.808023
12.627518
12.445740
12.261265
12.025849
11.848940
11.684444
11.535606
11.350386
11.507800
11.670898
11.830470
11.990545
12.152138
12.314594
12.479639
12.647570
12.817504
12.990155
13.164429
13.340419
13.519392
13.701680
13.886333
14.075351
14.275504
14.484973
14.695457
14.906118
15.167350
15.383647
15.593359
15.795079
16.053471
15.833666
15.611145
15.399449
15.195081
14.994324
14.795924
14.599468
14.405908
14.216431
14.029166
13.843167
13.658997
13.477008
13.298064
13.122020
12.946322
12.769060
12.587594
12.410445
12.237012
12.116382
11.941883
11.756329
11.593738
11.442469
11.286324
11.273691
11.424252
11.581918
11.740352
11.898890
12.058926
12.220788
12.384823
12.551060
12.719528
12.890257
13.063278
13.238621
13.416318
13.596401
13.778900
13.965618
14.161945
14.364766
14.570201
14.769513
15.054322
15.270127
15.505143
15.716929
15.923539
16.144591
16.162791
15.949462
15.731920
15.519311
15.312943
15.110126
14.909994
14.712514
14.517649
14.325747
14.136288
13.948869
13.763843
13.581362
13.401479
13.223979
13.047351
12.869735
12.691575
12.514965
12.349535
12.157162
11.985190
11.795897
11.628959
11.470499
11.321366
11.159953
11.157573
11.305377
11.459951
11.617103
11.774370
11.932731
12.092899
12.255217
12.419715
12.586420
12.755362
12.926573
13.100081
13.275919
13.454116
13.634706
13.817719
14.007204
14.205157
14.407445
14.613685
14.832763
15.006025
15.215862
15.455915
15.671834
15.885156
16.094513
16.327407
16.330890
16.117491
15.899777
15.684481
15.474886
15.269923
15.067676
14.868107
14.671181
14.476864
14.285501
14.096198
13.909403
13.724992
13.543207
13.363829
13.186828
13.009742
12.832210
12.654233
12.478225
12.299006
12.062302
11.875907
11.702921
11.537298
11.380998
11.228761
11.075385
10.904313
11.072063
11.221801
11.374247
11.528917
11.684367
11.841201
12.000141
12.161215
12.324450
12.489876
12.657523
12.827420
12.999598
13.174087
13.350917
13.530122
13.711731
13.898002
14.090936
14.288453
14.492604
14.722620
14.926305
15.122521
15.353832
15.576838
15.796448
16.010505
16.227247
16.452077
16.710074
16.457124
16.237420
16.019901
15.804875
15.594502
15.387955
15.184145
14.983033
14.784585
14.588766
14.395540
14.204873
14.016732
13.831083
13.647892
13.467128
13.288758
13.111789
12.935280
12.757488
12.580044
12.389530
12.225433
12.093222
11.912224
11.739725
11.571730
11.412605
11.260321
11.109180
10.956049
10.789626
10.954370
11.104589
11.254992
11.408041
11.562168
11.717363
11.874641
12.034029
12.195558
12.359254
12.525148
12.693268
12.863645
13.036309
13.211290
13.388620
13.568330
13.750453
13.938551
14.131576
14.330141
14.538376
14.764098
14.926604
15.087176
15.308758
15.529143
15.750704
15.966910
16.181551
16.402030
16.631166
16.887692
16.633828
16.408920
16.189536
15.972446
15.759317
15.550588
15.344623
15.141386
14.940840
14.742951
14.547683
14.355002
14.164872
13.977261
13.792134
13.609459
13.429204
13.251337
13.074866
12.897908
12.720036
12.541942
12.357194
12.223314
12.117271
11.974089
11.810139
11.641913
11.478531
11.323178
11.172385
11.023159
10.873172
10.726297
10.725725
10.871359
11.020661
11.170374
11.321291
11.473558
11.627563
11.783636
11.941803
12.102093
12.264535
12.429157
12.595989
12.765060
12.936401
13.110041
13.286012
13.464345
13.645072
13.829515
14.018227
14.213114
14.417438
14.621189
14.799180
15.053619
15.232710
15.439334
15.657736
15.876580
16.092475
16.309022
16.529915
16.757933
16.987398
16.988304
16.760838
16.533772
16.312175
16.094728
15.881026
15.670685
15.463129
15.258323
15.056229
14.856811
14.660035
14.465865
14.274267
14.085207
13.898651
13.714565
13.532918
13.353677
13.176809
13.000378
12.822632
12.645041
12.474731
12.325107
12.153191
11.999981
11.841122
11.676035
11.511944
11.354700
11.203637
11.054804
10.906494
10.758309
10.614402
10.614544
10.757592
10.905113
11.053257
11.202890
11.353565
11.505959
11.660399
11.816912
11.975526
12.136269
12.299170
12.464257
12.631560
12.801108
12.972933
13.147064
13.323532
13.502368
13.683605
13.868570
14.058096
14.254677
14.458827
14.655638
14.846118
15.004124
15.198526
15.398628
15.613019
15.831344
16.047907
16.263529
16.482597
16.706732
16.936851
17.166476
17.166247
16.937980
16.708960
16.484905
16.264830
16.048870
15.836305
15.626556
15.419585
15.215355
15.013830
14.814974
14.618752
14.425129
14.234071
14.045543
13.859512
13.675945
13.494809
13.316072
13.139703
12.962559
12.785756
12.610188
12.444496
12.282454
12.065761
11.897065
11.739569
11.579216
11.419835
11.266478
11.117255
10.969643
10.823125
10.678209
10.535092
10.534460
10.677924
10.822620
10.969424
11.117255
11.266478
11.417704
11.570959
11.726272
11.883669
12.043179
12.204830
12.368651
12.534670
12.702918
12.873425
13.046220
13.221334
13.398799
13.578646
13.760907
13.947195
14.140341
14.336257
14.532174
14.742362
15.108010
15.323053
15.528314
15.741782
15.957226
16.172923
16.390006
16.610556
16.835422
17.063900
17.295709
17.296747
17.064241
16.836207
16.610889
16.390006
16.172923
15.958715
15.747345
15.538774
15.332965
15.129882
14.929490
14.731751
14.536631
14.344096
14.154111
13.966642
13.781656
13.599120
13.419002
13.241269
13.064672
12.888968
12.714949
12.545873
12.367166
12.093060
11.926925
11.769582
11.611761
11.453001
11.298219
11.148576
11.000841
10.854630
10.709720
10.566885
10.422620
10.372919
10.421578
10.565970
10.709220
10.854341
11.000915
11.148576
11.298219
11.449871
11.603558
11.759308
11.917149
12.077108
12.239214
12.403497
12.569984
12.738706
12.909693
13.082975
13.258583
13.436548
13.616901
13.799676
13.987887
14.180556
14.375113
14.571950
14.776604
14.922425
15.070790
15.282042
15.486857
15.697766
15.912396
16.127487
16.343960
16.563449
16.786558
17.013692
17.243670
17.482349
17.566115
17.484098
17.245049
17.014372
16.787005
16.563339
16.343960
16.127487
15.913881
15.703104
15.495119
15.289889
15.087377
14.887547
14.690364
14.495792
14.303798
14.114346
13.927404
13.742938
13.560915
13.381303
13.204070
13.027968
12.853015
12.680835
12.511211
12.336781
12.214353
11.985510
11.830312
11.673311
11.517624
11.363030
11.211557
11.063061
10.916460
10.771658
10.628635
10.487441
10.345156
10.344122
10.486392
10.628281
10.771658
10.916533
11.063061
11.211557
11.362045
11.514554
11.669109
11.825739
11.984471
12.145334
12.308357
12.473567
12.640995
12.810670
12.982623
13.156884
13.333483
13.512454
13.693826
13.879021
14.067283
14.257719
14.453141
14.643918
15.203289
15.403146
15.611770
15.823219
16.036891
16.252148
16.470295
16.691480
16.915862
17.143489
17.374294
17.613255
17.615017
17.375916
17.143946
16.915862
16.691369
16.470295
16.252148
16.036891
15.824485
15.614892
15.408076
15.203998
15.002624
14.803916
14.607841
14.414362
14.223446
14.035059
13.849167
13.665737
13.484737
13.306133
13.129896
12.955042
12.782432
12.611113
12.446321
12.016873
11.861586
11.704169
11.549149
11.395119
11.243218
11.094303
10.947361
10.802293
10.659076
10.517688
10.378176
10.237578
10.237305
10.377414
10.517408
10.659005
10.802365
10.947361
11.094303
11.243218
11.394131
11.547070
11.702062
11.859135
12.018315
12.179633
12.343115
12.508792
12.676693
12.846847
13.019286
13.194038
13.371137
13.550613
13.732497
13.918215
14.105598
14.295981
14.490865
14.679106
15.163508
15.361613
15.569052
15.778661
15.991731
16.206382
16.423914
16.644366
16.867889
17.094528
17.324328
17.557217
17.798338
17.798813
17.558505
17.324675
17.094642
16.867777
16.644366
16.423914
16.206382
15.991731
15.779923
15.570920
15.364686
15.161183
14.960376
14.762228
14.566705
14.373771
14.183393
13.995536
13.810167
13.627254
13.446763
13.268663
13.092922
12.918561
12.747371
12.576606
12.414168
