300.000000
300.000000
300.000000
300.000000
300.000000
300.000000
300.000000
300.000000
300.000000
300.000000
300.000000
300.000000
300.000000
300.000000
300.000000
300.000000
300.000000
323.189836
340.417832
355.188891
368.160871
379.602888
389.724948
398.597571
406.266701
412.791028
418.180533
422.447050
425.616660
427.692881
428.687360
428.615375
427.487150
425.322144
422.129580
417.927720
412.742511
406.573725
399.440391
391.362936
382.312374
372.285952
361.247107
349.047859
335.505746
320.102745
300.000000
300.000000
300.000000
300.000000
300.000000
300.000000
300.000000
300.000000
300.000000
300.000000
300.000000
300.000000
300.000000
300.000000
300.000000
310.783314
321.468567
331.985976
342.208034
351.991642
361.260226
369.890681
377.774728
384.848584
391.020075
396.213858
400.387632
403.484212
405.465416
406.311777
406.004347
404.544363
401.936252
398.201109
393.380074
387.502044
380.628200
372.838465
364.187019
354.772395
344.712043
334.073868
323.002528
311.624564
316.247062
326.874305
337.597484
347.544872
356.997025
365.625055
373.492529
380.504306
386.584593
391.694106
395.775605
398.790593
400.723635
401.555081
401.284484
399.919507
397.478292
393.997674
389.507626
384.062544
377.734004
370.573406
362.668982
354.122566
344.900632
335.238929
325.144104
315.163781
308.221775
308.684201
308.231611
308.023298
307.942062
307.893987
308.045462
308.311319
308.708613
309.338208
310.115177
311.213825
311.839060
323.314509
336.634312
349.522286
360.958828
371.293196
380.744864
389.087110
396.496063
402.959524
408.485520
413.048216
416.627453
419.217411
420.795209
421.346733
420.860147
419.320833
416.723170
413.048786
408.288856
402.440644
395.469056
387.355723
378.075904
367.397322
355.362674
341.663551
326.837311
313.825883
313.170906
311.551916
310.538817
309.825193
309.224735
308.898720
308.703456
308.713269
308.819516
308.927380
309.120354
308.728030
319.470382
330.877360
340.697676
350.143454
358.978444
367.048120
374.190040
380.484171
385.858890
390.259596
393.661143
396.027522
397.340810
397.597808
396.798239
394.960173
392.102081
388.259109
383.483415
377.813793
371.318792
364.082115
356.164534
347.395175
338.309439
328.961802
318.168323
316.682043
316.338963
316.008903
315.913220
315.970531
316.297461
317.053770
318.164508
319.457879
320.984617
324.761228
338.798129
350.163370
360.905555
370.736455
379.480197
387.125133
393.880717
399.719083
404.619011
408.578266
411.570637
413.577873
414.590649
414.590614
413.568605
411.510858
408.407905
404.258773
399.041798
392.750297
385.381245
376.892226
366.887375
355.921132
343.860264
328.411042
323.980674
321.971207
320.241462
319.002017
318.047025
317.445647
317.382014
317.578207
317.764330
317.974528
325.941312
334.242512
343.618317
352.749665
361.037446
368.526562
375.027673
380.657411
385.379147
389.142512
391.914121
393.681554
394.427888
394.153499
392.866044
390.583180
387.339516
383.162124
378.100581
372.220548
365.568577
358.098558
349.847427
340.963448
332.046559
324.163349
324.811307
324.501419
324.073183
323.912596
324.162989
325.059017
326.518494
328.339183
329.952932
331.009518
340.173527
350.799523
361.207694
370.290221
378.359608
385.504079
391.626470
396.860443
401.176501
404.551684
406.977690
408.431463
408.899431
408.370477
406.831718
404.279916
400.700621
396.090493
390.454181
383.767816
375.880234
366.650026
356.167607
345.206078
335.155638
334.047851
331.626999
329.341957
327.571073
326.459715
326.061258
326.203889
326.633299
326.869778
336.655417
346.948364
355.417255
363.171866
370.070120
376.052825
381.085747
385.196787
388.365906
390.561470
391.769742
391.987138
391.214786
389.468998
386.770123
383.149762
378.654942
373.320309
367.210062
360.189882
352.380335
344.011310
334.003058
332.341441
331.951951
331.857764
332.600941
334.226753
336.432620
340.293113
352.277260
361.618158
370.065678
377.585430
384.196010
389.736620
394.387889
398.141484
400.967299
402.844857
403.764717
403.709815
402.671817
400.639135
397.606280
393.578029
388.541435
382.502719
375.205791
366.705911
357.141252
344.829096
340.149403
337.555418
335.543364
334.589345
334.540008
334.913545
342.459356
350.160397
358.151304
365.502837
371.904370
377.333453
381.803913
385.357224
387.966751
389.623090
390.299256
390.006595
388.775384
386.587820
383.492998
379.511047
374.687694
369.030182
362.473990
355.034573
347.019702
339.517495
340.767496
339.187752
339.752723
340.797380
344.738108
345.315613
353.567399
362.205650
370.157181
377.241330
383.214046
388.198830
392.311316
395.522608
397.816669
399.170353
399.573574
399.015154
397.481684
394.975048
391.484466
387.017624
381.509819
374.817764
366.955606
358.147682
349.682413
348.770120
344.402358
342.841821
342.046869
343.796209
353.222094
361.230244
368.277915
374.091336
378.953756
382.907247
385.950452
388.032455
389.130377
389.273345
388.488865
386.763440
384.110540
380.646782
376.337600
371.204258
365.145046
358.097592
350.097771
345.940212
346.618184
347.547460
348.514658
354.743171
363.139544
370.706797
377.171984
382.550601
387.044838
390.679304
393.366675
395.097280
395.895492
395.781693
394.755570
392.754332
389.795877
385.847903
380.895573
374.872561
367.581820
359.186769
352.705603
351.060514
349.771274
349.121352
356.862807
365.129874
371.484338
376.647009
380.957769
384.501879
387.065921
388.565114
389.079175
388.714172
387.467604
385.226660
382.064441
378.336460
373.672431
368.225374
361.861095
353.768317
353.774716
355.955733
364.909964
371.678206
377.461244
382.298262
386.427528
389.540743
391.585251
392.733052
393.089563
392.438300
390.869452
388.559537
385.142372
380.564354
375.328624
369.029831
360.192592
356.822105
362.638614
369.401399
375.594161
379.471203
383.540581
386.742282
388.654360
389.540043
389.477528
388.538910
387.200341
383.993281
380.251632
376.285128
371.581361
365.586826
360.180315
360.316763
366.719857
373.052066
377.666670
382.777337
386.345813
388.936588
389.919609
390.943605
390.673674
389.454169
387.397530
385.168895
380.839413
375.466475
370.765956
364.831619
311.579676
306.994838
307.574033
313.287843
