20.137527
10.000000
19.218918
18.343496
17.506725
16.708124
15.947070
15.219616
14.525346
13.863716
13.231298
12.627729
12.052536
11.502738
10.978020
10.477971
40.552000
10.477971
10.978020
11.502738
12.052536
12.627729
13.231298
13.863716
14.525346
15.219616
15.947070
16.708124
17.506725
18.343496
19.218918
20.137527
21.100043
22.107018
23.163670
24.270827
25.429123
26.644562
27.918096
29.250454
30.648542
32.113455
33.646031
35.254215
36.939266
38.702148
81.661699
42.490269
44.518066
46.645903
48.875444
51.207965
53.655560
56.220142
58.903181
61.718584
64.668556
67.754786
70.993271
74.386546
77.936555
77.936555
74.386546
70.993271
67.754786
64.668556
61.718584
58.903181
56.220142
53.655560
51.207965
48.875444
46.645903
44.518066
42.490269
40.552000
38.702148
36.939266
35.254215
33.646031
32.113455
30.648542
29.250454
27.918096
26.644562
25.429123
24.270827
23.163670
22.107018
21.100043
20.764506
21.680974
22.752274
23.841436
25.000232
26.193338
27.445304
28.757111
30.129510
31.569615
33.078552
34.657186
36.313700
38.049392
39.865253
41.770698
43.767218
45.855956
48.047740
50.344284
52.746905
55.268056
57.909711
60.673383
63.591200
66.654002
69.888778
73.429451
73.408893
69.834984
66.640006
63.586749
60.677630
57.909711
55.268056
52.746905
50.344284
48.007397
45.798214
43.675403
41.838003
39.366102
37.739040
35.941948
34.275989
32.698693
31.176515
29.754343
28.397045
27.103560
25.867183
24.687205
23.562703
22.487848
21.462025
20.484430
19.549996
18.658188
17.808308
16.995950
16.220650
15.481799
14.775569
14.101555
13.459230
12.841667
12.250725
11.684522
11.121110
11.124224
11.693523
12.254155
12.842566
13.458288
14.101555
14.775569
15.481799
16.235417
17.028103
17.841998
18.698720
19.525379
20.147397
21.307840
22.320044
23.403254
24.551062
25.749754
26.978631
28.268132
29.619268
31.032812
32.516092
34.070268
35.696230
37.402408
39.190136
41.060439
43.023010
45.079387
47.230747
49.488241
51.853638
54.328290
56.925027
59.679292
62.566819
65.575693
68.782207
65.584874
62.558060
59.662584
56.925027
54.328290
51.853638
49.439767
47.101983
44.921885
42.935762
40.608812
38.418730
36.671324
34.934857
33.268969
31.713584
30.269030
28.888254
27.570465
26.314631
25.114242
23.968611
22.876841
21.833273
20.837309
19.888170
18.980936
18.115086
17.289945
16.501233
15.748500
15.031156
14.345483
13.683423
13.051918
12.453044
11.872503
12.451301
13.053745
13.687255
14.345483
15.031156
15.748500
16.533607
17.370009
18.212990
19.067496
20.171387
20.894273
21.857740
22.976342
24.121778
25.313683
26.523605
27.789412
29.117667
30.509408
31.965433
33.493289
35.094173
36.769000
38.526453
40.367907
42.294417
44.315969
46.434146
48.650160
50.975498
53.430679
56.011952
58.722038
61.653814
64.546448
61.610671
58.664519
55.945337
53.385816
50.943394
48.537908
46.184539
43.960658
42.037627
40.623028
39.280770
37.481036
35.583964
33.880008
32.291534
30.788311
29.385904
28.045413
26.766071
25.546877
24.381511
23.269305
22.209388
21.196267
20.229362
19.307915
18.427149
17.586562
16.785495
16.019794
15.284742
14.579335
13.907456
13.245198
12.651618
13.254473
13.920117
14.596694
15.295445
16.036624
16.844347
17.718780
18.639912
19.530847
20.208132
21.475550
22.565114
23.696683
24.865843
26.074429
27.320712
28.624560
29.992732
31.426299
32.926081
34.499854
36.148848
37.874009
39.684278
41.581073
43.565480
45.647785
47.829619
50.147321
52.588375
55.113522
57.763962
54.990206
52.422983
50.038619
47.695883
45.338887
43.083285
40.614498
38.137387
36.260359
34.511931
32.870812
31.318692
29.890033
28.528543
27.227162
25.985147
24.801524
23.670158
22.590401
21.561409
20.577847
19.639151
18.744588
17.889520
17.073458
16.285499
15.528470
14.818036
14.137136
14.851266
15.576371
16.325448
17.144117
18.051794
19.012851
20.237860
21.097090
22.148839
23.274192
24.434476
25.631065
26.856157
28.139804
29.482743
30.896259
32.375278
33.922723
35.534182
37.232614
39.009496
40.874038
42.827700
44.871601
47.042671
49.370599
51.817353
54.161217
51.322800
49.156795
46.878310
44.724216
42.008211
40.532134
38.832406
36.962545
35.148259
33.425367
31.860439
30.407068
29.019996
27.698135
26.434635
25.228772
24.079602
22.981168
21.932841
20.933800
19.978868
19.067496
18.193877
17.354209
16.538237
15.760631
15.077523
15.911388
16.606681
17.426030
18.303734
19.507619
20.663009
21.735679
22.897668
24.030770
25.188186
26.388415
27.659385
29.001719
30.398556
31.851520
33.355247
34.922632
36.596957
38.359610
40.184650
42.090628
44.090092
46.249243
48.714908
48.148746
46.058627
43.914523
42.235246
39.670391
37.667780
35.746240
34.001175
32.429714
30.935212
29.505453
28.161480
26.893782
25.668770
24.485842
23.367241
22.293499
21.281009
20.323037
19.390536
18.500821
17.648223
16.763185
16.960296
17.717540
18.616441
19.429938
20.106539
21.468035
22.502020
23.646972
24.742566
25.910676
27.223351
28.558514
29.925624
31.342816
32.755965
34.285588
36.009943
37.736398
39.479245
41.337294
43.255530
45.319848
43.131565
40.731229
38.180125
36.308617
34.584482
33.016092
31.424099
29.957062
28.662656
27.399235
26.094514
24.874548
23.718257
22.634722
21.658221
20.686164
19.694218
18.841937
18.006361
18.881547
20.137527
20.916223
22.217163
23.368877
24.088031
25.559398
26.839243
28.147684
29.470362
30.952541
31.876055
33.801835
35.504345
37.318721
38.545335
40.825427
41.993510
40.557677
38.965829
36.725271
35.541644
33.495634
31.844832
30.307193
29.453864
27.812765
26.471670
25.234071
24.057700
22.886451
22.246731
20.955792
19.900704
19.424499
40.552000
76.686455
20.137527
10.648777
