300.000000
300.000000
300.000000
300.000000
300.000000
300.000000
300.000000
300.000000
300.000000
300.000000
300.000000
300.000000
300.000000
300.000000
300.000000
300.000000
300.000000
320.425198
334.941920
347.073919
357.512251
366.556422
374.433823
381.242688
387.052760
391.936140
395.922522
399.039021
401.319365
402.777404
403.430104
403.293896
402.379076
400.700095
398.260803
395.069388
391.137008
386.452045
381.014326
374.821273
367.827871
360.004425
351.285982
341.505138
330.448605
317.566383
300.000000
300.000000
300.000000
300.000000
300.000000
300.000000
300.000000
300.000000
300.000000
300.000000
300.000000
300.000000
300.000000
300.000000
300.000000
304.435789
308.840527
313.178428
317.391762
321.425541
325.247302
328.807319
332.062270
334.986943
337.544733
339.705824
341.453616
342.765023
343.624125
344.022135
343.949642
343.404806
342.386770
340.900710
338.959757
336.572271
333.759697
330.551773
326.968553
323.048964
318.841166
314.375522
309.709822
304.905286
307.155750
311.878199
316.593692
320.961468
325.088052
328.841624
332.246617
335.263977
337.863687
340.032013
341.747876
342.998395
343.780200
344.087885
343.923756
343.292744
342.203820
340.673284
338.713689
336.347762
333.605241
330.506904
327.089511
323.395832
319.414372
315.237788
310.876168
306.529243
303.677337
304.123968
304.156134
304.309815
304.531617
304.775210
305.140684
305.588873
306.139413
306.879638
307.757453
308.925522
309.776340
319.603600
330.431832
340.792955
349.818245
357.861183
365.148965
371.508061
377.115793
381.983049
386.131966
389.555949
392.249723
394.215986
395.441917
395.918471
395.635958
394.579625
392.738586
390.090002
386.614583
382.294338
377.083456
370.943641
363.826428
355.507872
345.982169
334.925786
322.769474
311.521096
310.583797
308.944838
307.840733
307.000531
306.269340
305.750098
305.329556
305.038917
304.805548
304.582422
304.415580
303.986751
309.082782
314.303880
318.847133
323.198538
327.233999
330.898407
334.134499
336.969802
339.374860
341.328587
342.823179
343.845946
344.392046
344.462524
344.059316
343.191936
341.869194
340.106903
337.927929
335.348542
332.398291
329.113588
325.520412
321.559085
317.425815
313.166429
308.309030
308.145030
308.485585
308.849633
309.339060
309.923080
310.679969
311.743214
313.096300
314.628357
316.370400
320.056210
331.304046
340.191027
348.501475
356.036594
362.663752
368.393541
373.425568
377.755837
381.382573
384.315088
386.542200
388.055878
388.852208
388.917896
388.243702
386.814698
384.616005
381.636128
377.845606
373.222231
367.742973
361.351292
353.687735
345.194263
335.710157
323.232533
318.897682
316.679904
314.738837
313.225936
311.960288
310.971214
310.331187
309.843092
309.366176
308.926982
312.555786
316.669921
321.280231
325.653600
329.609131
333.164519
336.251397
338.907958
341.120443
342.868813
344.141098
344.934738
345.244685
345.073445
344.426061
343.311753
341.747000
339.743865
337.324603
334.518662
331.346191
327.795571
323.886896
319.674099
315.356043
311.497405
312.439242
313.081376
313.675746
314.419538
315.406106
316.827996
318.688146
320.869326
322.940108
324.471857
331.417454
339.486121
347.408482
354.225061
360.217701
365.483101
369.957113
373.769284
376.909857
379.371265
381.154027
382.245375
382.636842
382.319499
381.280363
379.510764
376.991621
373.708723
369.650878
364.783288
358.958983
352.036472
344.063599
335.712101
328.014513
326.325131
323.517778
320.894169
318.722905
317.069147
315.906139
315.073341
314.405254
313.671420
319.015944
324.090289
328.342779
332.220460
335.655242
338.619790
341.107352
343.123936
344.663703
345.714722
346.273632
346.341063
345.919549
345.018257
343.647433
341.822280
339.564861
336.890441
333.828535
330.330882
326.445269
322.275478
317.387030
317.741487
318.662763
319.729073
321.310892
323.528195
326.236092
330.336482
339.403694
346.314467
352.497401
357.957882
362.735652
366.695334
370.012129
372.689825
374.714314
376.075835
376.770225
376.785521
376.113489
374.741381
372.658013
369.857086
366.317298
362.028205
356.761030
350.548692
343.465391
334.094672
329.211774
326.101822
323.502073
321.671233
320.420852
319.400289
322.883916
327.054236
331.283640
335.142219
338.474349
341.272964
343.585143
345.407870
346.731706
347.571218
347.883613
347.689021
347.000857
345.829985
344.189602
342.089222
339.550150
336.589637
333.169291
329.275129
325.050086
321.034229
322.975636
323.559116
325.264540
327.293422
331.467645
333.181100
339.069046
345.237892
350.901568
355.943113
360.143174
363.616055
366.478542
368.718478
370.330232
371.300817
371.624393
371.292501
370.292449
368.619641
366.258976
363.205977
359.392695
354.685386
349.106652
342.804761
336.749931
334.683092
330.043360
327.535539
325.563521
324.986375
330.169259
334.660587
338.476209
341.636805
344.281706
346.445962
348.097354
349.197147
349.753368
349.768161
349.292185
348.346563
346.875328
344.909256
342.515250
339.688603
336.402271
332.567438
328.084851
326.963530
328.786456
330.970255
332.980699
338.471798
344.268583
349.541168
354.013113
357.653969
360.709659
363.190277
365.030788
366.199125
366.737141
366.711506
366.102684
364.833009
362.902360
360.268412
356.947494
352.843181
347.785769
342.036763
336.251014
333.621740
331.059743
329.147344
334.156009
338.583737
342.354221
345.154394
347.665078
349.799065
351.201347
352.006959
352.211905
351.858076
351.193844
350.006407
348.087937
345.779260
343.133214
339.990743
336.417564
332.004247
334.088173
337.550946
343.844519
348.357356
352.214835
355.299758
358.067150
360.234721
361.531698
362.170869
362.468913
362.109761
361.188692
359.848738
357.597438
354.552616
351.246605
346.998782
340.762283
336.360906
338.993840
343.543055
346.943024
348.734575
351.977668
353.555962
354.646410
355.122315
355.017981
353.898195
353.961360
351.740394
349.386749
346.475632
344.271618
340.097327
337.339391
339.156696
342.931501
347.560409
349.788971
353.343628
355.723632
357.870627
357.594821
358.517768
358.422044
357.750007
356.615463
355.777027
352.213260
349.160243
346.683914
342.242975
309.868095
302.986606
303.309485
311.419058
