300.000000
300.000000
300.000000
300.000000
300.000000
300.000000
300.000000
300.000000
300.000000
300.000000
300.000000
300.000000
300.000000
300.000000
300.000000
300.000000
300.000000
317.912446
329.767462
339.155425
346.816252
353.096988
358.251857
362.416392
365.694693
368.179913
369.932733
371.008578
371.459089
371.324150
370.643802
369.450679
367.776532
365.654192
363.103579
360.150821
356.822371
353.125580
349.078120
344.694852
339.961827
334.877748
329.419622
323.505186
317.033044
309.712262
300.000000
300.000000
300.000000
300.000000
300.000000
300.000000
300.000000
300.000000
300.000000
300.000000
300.000000
300.000000
300.000000
300.000000
300.000000
302.412889
304.858089
307.315874
309.754934
312.143334
314.460970
316.676548
318.760812
320.694770
322.450868
324.004246
325.338208
326.430165
327.260969
327.816617
328.080847
328.041740
327.689155
327.015297
326.017734
324.692406
323.043013
321.079748
318.808032
316.246102
313.420435
310.346413
307.060398
303.603632
305.230813
308.596798
311.882471
314.852799
317.586798
320.002717
322.123543
323.931227
325.415275
326.575641
327.409027
327.918105
328.110483
327.993786
327.580440
326.882782
325.916640
324.701689
323.253352
321.593734
319.748004
317.734043
315.579128
313.312598
310.929864
308.488629
305.995794
303.564388
301.991173
302.231149
302.245155
302.325564
302.444210
302.576053
302.775895
303.022761
303.327849
303.739735
304.230425
304.882619
305.362628
310.862072
317.049339
323.146877
328.634492
333.698051
338.460801
342.794496
346.795076
350.453298
353.769490
356.722630
359.291093
361.461259
363.204607
364.493525
365.303022
365.598721
365.347158
364.509242
363.041249
360.898043
358.015356
354.325213
349.747008
344.064127
337.201673
328.814475
319.188225
309.644514
308.632726
307.149620
306.161391
305.421416
304.795081
304.352087
303.999180
303.754539
303.561321
303.383323
303.253170
302.935896
306.620678
310.305358
313.435925
316.360234
318.997287
321.317543
323.294206
324.952353
326.282250
327.280707
327.952402
328.300318
328.332719
328.060068
327.494558
326.652713
325.548711
324.201801
322.634588
320.863692
318.913924
316.812813
314.579781
312.182186
309.742248
307.284467
304.543301
304.443524
304.623336
304.817584
305.083422
305.404164
305.823687
306.416986
307.176098
308.040454
309.028020
311.109827
317.578332
322.846273
327.930358
332.704081
337.067556
341.004558
344.628116
347.921004
350.866144
353.455758
355.665262
357.470620
358.853104
359.782895
360.231350
360.168538
359.558663
358.366526
356.546071
354.049332
350.825032
346.796857
341.652347
335.668967
328.674135
318.961270
315.090788
313.086101
311.384306
310.080478
309.013611
308.190896
307.651421
307.243768
306.862392
306.521780
309.092072
311.965961
315.113405
318.015669
320.561763
322.772950
324.617716
326.128356
327.305199
328.146203
328.655189
328.840735
328.711163
328.279469
327.558416
326.564365
325.317467
323.833139
322.133507
320.243836
318.181853
315.944454
313.549910
311.036429
308.524137
306.326841
306.845215
307.192902
307.515500
307.924685
308.474451
309.274372
310.328154
311.569794
312.754590
313.635339
317.669461
322.480452
327.357334
331.708305
335.684946
339.332676
342.590307
345.530041
348.130842
350.371621
352.238544
353.705204
354.746617
355.339844
355.454308
355.060877
354.125339
352.611162
350.482253
347.686559
344.086487
339.533385
334.007722
328.010462
322.310761
320.610155
318.110036
315.864021
314.046674
312.675567
311.708544
311.014984
310.469700
309.904238
313.634222
317.051015
319.833238
322.289476
324.384636
326.112066
327.479686
328.500464
329.181145
329.526004
329.545002
329.248912
328.650955
327.768038
326.615691
325.213359
323.583660
321.742978
319.716493
317.477924
315.065532
312.547181
309.670638
309.849221
310.356990
310.952410
311.848846
313.116716
314.678411
317.054939
322.489443
326.780284
330.758450
334.413094
337.754868
340.675622
343.276933
345.548969
347.467284
349.008720
350.155800
350.881985
351.161843
350.968893
350.272939
349.045841
347.250716
344.853177
341.666834
337.673288
332.879687
326.164294
322.081592
319.485478
317.358280
315.857056
314.821846
313.990333
316.318005
319.099196
321.831346
324.233964
326.220688
327.801228
329.020174
329.883515
330.397938
330.581018
330.422851
329.947122
329.175607
328.119222
326.800368
325.233627
323.441058
321.439546
319.211293
316.757520
314.174851
311.784373
312.893916
313.201543
314.173997
315.342130
317.783731
318.775798
322.350385
326.213396
329.888886
333.293882
336.269197
338.869788
341.161140
343.121450
344.734216
345.974687
346.822012
347.255547
347.247390
346.774132
345.806776
344.319375
342.244818
339.462027
335.958479
331.799910
327.661059
325.730207
322.068418
320.033183
318.445051
317.861115
321.276222
324.138407
326.459366
328.290929
329.733158
330.816888
331.529849
331.862849
331.838429
331.473013
330.809081
329.864109
328.612801
327.094868
325.355703
323.398200
321.210352
318.748995
315.969178
315.248446
316.300756
317.567108
318.739901
322.054828
325.716161
329.169199
332.225162
334.846206
337.172761
339.204425
340.879356
342.164999
343.082530
343.655185
343.843988
343.593041
342.873074
341.637406
339.889493
337.530500
334.412144
330.724603
326.456870
324.316743
322.268319
320.767981
324.095327
326.804890
329.062609
330.605049
331.924087
332.940978
333.437779
333.543086
333.272194
332.662444
331.869332
330.749941
329.208260
327.491385
325.603611
323.463084
321.115427
318.311430
319.516726
321.571141
325.566790
328.565067
331.241285
333.511306
335.658564
337.464475
338.750087
339.660886
340.397335
340.708439
340.642912
340.272100
339.252067
337.670528
335.877058
333.324158
329.287367
325.911111
327.392400
330.251946
332.125746
332.953091
334.783571
335.305075
335.556857
335.414230
334.920445
333.823710
333.501072
331.659056
329.843201
327.780687
326.172789
323.420363
321.598615
322.660680
325.130647
328.201684
329.852355
332.453871
334.350643
336.099165
336.303150
337.441126
337.885886
337.941144
337.677365
337.586443
335.533898
333.985892
332.697061
329.824365
305.426266
301.618379
302.437685
309.813630
