11.051709
10.000000
10.978240
10.905367
10.832871
10.760856
10.689427
10.618365
10.547777
10.477762
10.408108
10.338917
10.270288
10.202013
10.134192
10.066923
12.214028
10.066923
10.134192
10.202013
10.270288
10.338917
10.408108
10.477762
10.547777
10.618365
10.689427
10.760856
10.832871
10.905367
10.978240
11.051709
11.125670
11.200015
11.274969
11.350424
11.426270
11.502738
11.579718
11.657096
11.735109
11.813644
11.892585
11.972174
12.052295
12.132831
13.498588
12.295767
12.377931
12.460767
12.544158
12.627981
12.712492
12.797567
12.883083
12.969301
13.056095
13.143339
13.231298
13.319846
13.408852
13.408852
13.319846
13.231298
13.143339
13.056095
12.969301
12.883083
12.797567
12.712492
12.627981
12.544158
12.460767
12.377931
12.295767
12.214028
12.132831
12.052295
11.972174
11.892585
11.813644
11.735109
11.657096
11.579718
11.502738
11.426270
11.350424
11.274969
11.200015
11.125670
11.100222
11.168922
11.246142
11.321517
11.398538
11.474706
11.551498
11.628804
11.706510
11.784853
11.863721
11.942997
12.022923
12.103384
12.184262
12.265802
12.347889
12.430400
12.513588
12.597333
12.681511
12.766379
12.851816
12.937694
13.024798
13.112620
13.201693
13.295227
13.294695
13.200241
13.112226
13.024668
12.937824
12.851816
12.766379
12.681511
12.597333
12.512086
12.428163
12.344185
12.268624
12.162350
12.089231
12.005262
11.924142
11.844162
11.763777
11.685574
11.607891
11.530839
11.454184
11.378039
11.302513
11.227376
11.152739
11.078708
11.005059
10.931900
10.859335
10.787144
10.715434
10.644306
10.573545
10.503254
10.433535
10.363760
10.294246
10.224892
10.152958
10.153364
10.226016
10.294658
10.363864
10.433430
10.503254
10.573545
10.644306
10.716827
10.790057
10.862268
10.935289
11.003078
11.052483
11.141257
11.215369
11.291555
11.369054
11.446741
11.523231
11.600348
11.677981
11.756016
11.834691
11.913892
11.993503
12.073767
12.154568
12.235788
12.317673
12.400107
12.482967
12.566507
12.650606
12.735140
12.820367
12.907197
12.994616
13.082103
13.171628
13.082364
12.994356
12.906681
12.820367
12.735140
12.650606
12.564748
12.478100
12.393908
12.314102
12.216471
12.120098
12.039767
11.956620
11.873453
11.792516
11.714239
11.636365
11.559009
11.482281
11.405949
11.330125
11.254917
11.180096
11.105773
11.032055
10.958716
10.885864
10.813605
10.741719
10.670310
10.599482
10.529018
10.458187
10.387832
10.318363
10.248231
10.318156
10.388039
10.458605
10.529018
10.599482
10.670310
10.744727
10.820745
10.894250
10.965841
11.054362
11.110105
11.181885
11.261897
11.340440
11.418845
11.495264
11.572078
11.649521
11.727483
11.805849
11.884857
11.964394
12.044343
12.124947
12.206091
12.287655
12.369888
12.452670
12.535882
12.619776
12.704866
12.790786
12.877416
12.967356
13.052571
12.966059
12.875613
12.788612
12.703342
12.618640
12.531746
12.443086
12.355670
12.276969
12.217081
12.158580
12.077390
11.988107
11.904364
11.822980
11.742739
11.664792
11.587247
11.510217
11.433814
11.357804
11.282300
11.207409
11.132905
11.058895
10.985488
10.912458
10.839914
10.767960
10.696377
10.624845
10.553368
10.482478
10.409669
10.341709
10.410710
10.483841
10.555163
10.625907
10.697982
10.773346
10.851519
10.930369
11.003519
11.057236
11.153743
11.232879
11.311672
11.389764
11.467249
11.543992
11.621131
11.698903
11.777196
11.855894
11.935237
12.015111
12.095399
12.176344
12.257832
12.339742
12.422323
12.505457
12.590280
12.676059
12.761274
12.847190
12.757191
12.670356
12.586378
12.500456
12.410279
12.320137
12.216715
12.107379
12.020399
11.935833
11.853049
11.771426
11.693172
11.615554
11.538336
11.461632
11.385551
11.309862
11.234676
11.160102
11.085912
11.012215
10.939117
10.866396
10.794158
10.721543
10.648884
10.577881
10.507036
10.581266
10.653570
10.725296
10.800529
10.880423
10.961346
11.059559
11.125448
11.203039
11.282638
11.361326
11.439189
11.515743
11.592810
11.670276
11.748612
11.827355
11.906507
11.985710
12.065922
12.146549
12.227837
12.309670
12.391926
12.475854
12.562235
12.649341
12.729538
12.632023
12.554449
12.469618
12.386103
12.275742
12.213173
12.138656
12.053380
11.967027
11.881411
11.800302
11.721856
11.643931
11.566640
11.489747
11.413366
11.337605
11.262235
11.187366
11.113106
11.039228
10.965841
10.892616
10.819338
10.745156
10.671484
10.604146
10.686007
10.751498
10.825723
10.901987
11.001648
11.092454
11.172943
11.256380
11.334318
11.410741
11.486875
11.564327
11.642883
11.721387
11.799830
11.877847
11.956022
12.036276
12.117432
12.198160
12.279179
12.360861
12.445574
12.538264
12.517343
12.438234
12.353817
12.285198
12.175736
12.085968
11.995902
11.910437
11.830194
11.750727
11.671560
11.594085
11.518047
11.441591
11.364734
11.289071
11.213463
11.139252
11.066196
10.992191
10.918680
10.845336
10.765915
10.783909
10.851411
10.928402
10.995379
11.049278
11.153185
11.228387
11.308279
11.381681
11.456934
11.538106
11.617297
11.695160
11.772721
11.847123
11.924619
12.008504
12.089111
12.167337
12.247540
12.327162
12.409535
12.322109
12.221725
12.109316
12.022683
11.939415
11.860518
11.777078
11.696915
11.623339
11.548726
11.468511
11.390334
11.313142
11.237822
11.167247
11.094229
11.016621
10.947215
10.876506
10.950500
11.051709
11.111772
11.207970
11.289184
11.338172
11.434614
11.514707
11.593274
11.669576
11.751667
11.801128
11.900437
11.984272
12.069904
12.125796
12.225759
12.275128
12.214272
12.144606
12.042296
11.986069
11.884976
11.799476
11.716348
11.668642
11.573466
11.492045
11.413708
11.336131
11.255592
11.210099
11.114773
11.033048
10.994939
12.214028
13.377913
11.051709
10.090204
