550
1   0.000000  0.010000
2   0.000000  0.000000
3   0.000000  0.009333
4   0.000000  0.008667
5   0.000000  0.008000
6   0.000000  0.007333
7   0.000000  0.006667
8   0.000000  0.006000
9   0.000000  0.005333
10   0.000000  0.004667
11   0.000000  0.004000
12   0.000000  0.003333
13   0.000000  0.002667
14   0.000000  0.002000
15   0.000000  0.001333
16   0.000000  0.000667
17   0.020000  0.000000
18   0.000667  0.000000
19   0.001333  0.000000
20   0.002000  0.000000
21   0.002667  0.000000
22   0.003333  0.000000
23   0.004000  0.000000
24   0.004667  0.000000
25   0.005333  0.000000
26   0.006000  0.000000
27   0.006667  0.000000
28   0.007333  0.000000
29   0.008000  0.000000
30   0.008667  0.000000
31   0.009333  0.000000
32   0.010000  0.000000
33   0.010667  0.000000
34   0.011333  0.000000
35   0.012000  0.000000
36   0.012667  0.000000
37   0.013333  0.000000
38   0.014000  0.000000
39   0.014667  0.000000
40   0.015333  0.000000
41   0.016000  0.000000
42   0.016667  0.000000
43   0.017333  0.000000
44   0.018000  0.000000
45   0.018667  0.000000
46   0.019333  0.000000
47   0.020000  0.010000
48   0.020000  0.000667
49   0.020000  0.001333
50   0.020000  0.002000
51   0.020000  0.002667
52   0.020000  0.003333
53   0.020000  0.004000
54   0.020000  0.004667
55   0.020000  0.005333
56   0.020000  0.006000
57   0.020000  0.006667
58   0.020000  0.007333
59   0.020000  0.008000
60   0.020000  0.008667
61   0.020000  0.009333
62   0.019333  0.010000
63   0.018667  0.010000
64   0.018000  0.010000
65   0.017333  0.010000
66   0.016667  0.010000
67   0.016000  0.010000
68   0.015333  0.010000
69   0.014667  0.010000
70   0.014000  0.010000
71   0.013333  0.010000
72   0.012667  0.010000
73   0.012000  0.010000
74   0.011333  0.010000
75   0.010667  0.010000
76   0.010000  0.010000
77   0.009333  0.010000
78   0.008667  0.010000
79   0.008000  0.010000
80   0.007333  0.010000
81   0.006667  0.010000
82   0.006000  0.010000
83   0.005333  0.010000
84   0.004667  0.010000
85   0.004000  0.010000
86   0.003333  0.010000
87   0.002667  0.010000
88   0.002000  0.010000
89   0.001333  0.010000
90   0.000667  0.010000
91   0.000976  0.009462
92   0.001637  0.009418
93   0.002323  0.009421
94   0.002992  0.009420
95   0.003667  0.009423
96   0.004333  0.009423
97   0.005000  0.009423
98   0.005667  0.009423
99   0.006333  0.009423
100   0.007000  0.009423
101   0.007667  0.009423
102   0.008333  0.009423
103   0.009000  0.009423
104   0.009667  0.009423
105   0.010333  0.009423
106   0.011000  0.009423
107   0.011667  0.009423
108   0.012333  0.009423
109   0.013000  0.009423
110   0.013667  0.009423
111   0.014333  0.009423
112   0.015000  0.009423
113   0.015667  0.009423
114   0.016333  0.009423
115   0.017007  0.009420
116   0.017680  0.009419
117   0.018358  0.009418
118   0.019018  0.009464
119   0.019451  0.009027
120   0.019396  0.008369
121   0.019410  0.007686
122   0.019414  0.007012
123   0.019416  0.006341
124   0.019423  0.005667
125   0.019423  0.005000
126   0.019423  0.004333
127   0.019423  0.003667
128   0.019419  0.002992
129   0.019419  0.002319
130   0.019418  0.001642
131   0.019464  0.000982
132   0.019027  0.000549
133   0.018369  0.000604
134   0.017686  0.000590
135   0.017012  0.000586
136   0.016341  0.000584
137   0.015667  0.000577
138   0.015000  0.000577
139   0.014333  0.000577
140   0.013667  0.000577
141   0.013000  0.000577
142   0.012333  0.000577
143   0.011667  0.000577
144   0.011000  0.000577
145   0.010333  0.000577
146   0.009667  0.000577
147   0.009000  0.000577
148   0.008333  0.000577
149   0.007667  0.000577
150   0.007000  0.000577
151   0.006333  0.000577
152   0.005667  0.000577
153   0.005000  0.000577
154   0.004333  0.000577
155   0.003667  0.000577
156   0.002993  0.000580
157   0.002319  0.000581
158   0.001642  0.000582
159   0.000982  0.000536
160   0.000549  0.000973
161   0.000604  0.001631
162   0.000590  0.002314
163   0.000586  0.002988
164   0.000584  0.003659
165   0.000577  0.004333
166   0.000577  0.005000
167   0.000577  0.005667
168   0.000583  0.006340
169   0.000588  0.007016
170   0.000586  0.007685
171   0.000583  0.008358
172   0.000537  0.009022
173   0.001227  0.008780
174   0.001964  0.008843
175   0.002633  0.008837
176   0.003312  0.008835
177   0.003991  0.008840
178   0.004667  0.008845
179   0.005333  0.008845
180   0.006000  0.008845
181   0.006667  0.008845
182   0.007333  0.008845
183   0.008000  0.008845
184   0.008667  0.008845
185   0.009333  0.008845
186   0.010000  0.008845
187   0.010667  0.008845
188   0.011333  0.008845
189   0.012000  0.008845
190   0.012667  0.008845
191   0.013333  0.008845
192   0.014000  0.008845
193   0.014667  0.008845
194   0.015333  0.008845
195   0.016000  0.008845
196   0.016685  0.008835
197   0.017359  0.008836
198   0.018025  0.008841
199   0.018764  0.008784
200   0.018820  0.008048
201   0.018815  0.007378
202   0.018823  0.006693
203   0.018829  0.006016
204   0.018839  0.005339
205   0.018845  0.004667
206   0.018838  0.003993
207   0.018828  0.003311
208   0.018830  0.002632
209   0.018841  0.001975
210   0.018784  0.001236
211   0.018048  0.001180
212   0.017378  0.001185
213   0.016693  0.001177
214   0.016009  0.001163
215   0.015333  0.001155
216   0.014667  0.001155
217   0.014000  0.001155
218   0.013333  0.001155
219   0.012667  0.001155
220   0.012000  0.001155
221   0.011333  0.001155
222   0.010667  0.001155
223   0.010000  0.001155
224   0.009333  0.001155
225   0.008667  0.001155
226   0.008000  0.001155
227   0.007333  0.001155
228   0.006667  0.001155
229   0.006000  0.001155
230   0.005333  0.001155
231   0.004667  0.001155
232   0.004000  0.001155
233   0.003315  0.001165
234   0.002641  0.001164
235   0.001975  0.001159
236   0.001236  0.001216
237   0.001180  0.001952
238   0.001185  0.002622
239   0.001177  0.003307
240   0.001171  0.003984
241   0.001161  0.004661
242   0.001155  0.005333
243   0.001169  0.006014
244   0.001185  0.006703
245   0.001185  0.007380
246   0.001173  0.008047
247   0.001686  0.008338
248   0.002262  0.008265
249   0.002940  0.008231
250   0.003635  0.008249
251   0.004319  0.008260
252   0.005000  0.008268
253   0.005667  0.008268
254   0.006333  0.008268
255   0.007000  0.008268
256   0.007667  0.008268
257   0.008333  0.008268
258   0.009000  0.008268
259   0.009667  0.008268
260   0.010333  0.008268
261   0.011000  0.008268
262   0.011667  0.008268
263   0.012333  0.008268
264   0.013000  0.008268
265   0.013667  0.008268
266   0.014333  0.008268
267   0.015000  0.008268
268   0.015677  0.008263
269   0.016365  0.008249
270   0.017059  0.008230
271   0.017730  0.008255
272   0.018308  0.008332
273   0.018215  0.007760
274   0.018200  0.007075
275   0.018217  0.006380
276   0.018238  0.005690
277   0.018252  0.005007
278   0.018244  0.004324
279   0.018226  0.003632
280   0.018218  0.002935
281   0.018257  0.002257
282   0.018332  0.001693
283   0.017760  0.001785
284   0.017075  0.001800
285   0.016369  0.001764
286   0.015685  0.001747
287   0.015008  0.001738
288   0.014333  0.001732
289   0.013667  0.001732
290   0.013000  0.001732
291   0.012333  0.001732
292   0.011667  0.001732
293   0.011000  0.001732
294   0.010333  0.001732
295   0.009667  0.001732
296   0.009000  0.001732
297   0.008333  0.001732
298   0.007667  0.001732
299   0.007000  0.001732
300   0.006333  0.001732
301   0.005667  0.001732
302   0.005000  0.001732
303   0.004324  0.001737
304   0.003635  0.001751
305   0.002942  0.001770
306   0.002270  0.001745
307   0.001692  0.001668
308   0.001785  0.002240
309   0.001800  0.002925
310   0.001783  0.003620
311   0.001761  0.004310
312   0.001751  0.004996
313   0.001763  0.005686
314   0.001788  0.006384
315   0.001808  0.007088
316   0.001791  0.007772
317   0.002504  0.007546
318   0.003271  0.007648
319   0.003958  0.007668
320   0.004645  0.007680
321   0.005326  0.007687
322   0.006000  0.007691
323   0.006667  0.007691
324   0.007333  0.007691
325   0.008000  0.007691
326   0.008667  0.007691
327   0.009333  0.007691
328   0.010000  0.007691
329   0.010667  0.007691
330   0.011333  0.007691
331   0.012000  0.007691
332   0.012667  0.007691
333   0.013333  0.007691
334   0.014000  0.007691
335   0.014667  0.007691
336   0.015351  0.007683
337   0.016045  0.007668
338   0.016737  0.007646
339   0.017509  0.007545
340   0.017590  0.006761
341   0.017614  0.006054
342   0.017648  0.005355
343   0.017651  0.004667
344   0.017626  0.003968
345   0.017603  0.003262
346   0.017535  0.002487
347   0.016744  0.002379
348   0.016053  0.002349
349   0.015364  0.002332
350   0.014680  0.002320
351   0.014000  0.002309
352   0.013333  0.002309
353   0.012667  0.002309
354   0.012000  0.002309
355   0.011333  0.002309
356   0.010667  0.002309
357   0.010000  0.002309
358   0.009333  0.002309
359   0.008667  0.002309
360   0.008000  0.002309
361   0.007333  0.002309
362   0.006667  0.002309
363   0.006000  0.002309
364   0.005333  0.002309
365   0.004649  0.002318
366   0.003955  0.002332
367   0.003263  0.002355
368   0.002491  0.002455
369   0.002410  0.003240
370   0.002385  0.003946
371   0.002353  0.004649
372   0.002355  0.005346
373   0.002387  0.006051
374   0.002416  0.006763
375   0.002972  0.007099
376   0.003588  0.007077
377   0.004275  0.007085
378   0.004973  0.007095
379   0.005659  0.007104
380   0.006333  0.007113
381   0.007000  0.007113
382   0.007667  0.007113
383   0.008333  0.007113
384   0.009006  0.007109
385   0.009674  0.007109
386   0.010340  0.007110
387   0.011000  0.007113
388   0.011667  0.007113
389   0.012333  0.007113
390   0.013000  0.007113
391   0.013667  0.007113
392   0.014338  0.007108
393   0.015024  0.007097
394   0.015727  0.007084
395   0.016425  0.007077
396   0.017042  0.007092
397   0.016912  0.006453
398   0.017050  0.005699
399   0.017058  0.005013
400   0.017069  0.004330
401   0.016921  0.003583
402   0.017054  0.002939
403   0.016433  0.002948
404   0.015739  0.002937
405   0.015039  0.002918
406   0.014344  0.002895
407   0.013667  0.002887
408   0.013000  0.002887
409   0.012333  0.002887
410   0.011667  0.002887
411   0.011000  0.002887
412   0.010333  0.002887
413   0.009667  0.002887
414   0.009000  0.002887
415   0.008333  0.002887
416   0.007667  0.002887
417   0.007000  0.002887
418   0.006333  0.002887
419   0.005660  0.002890
420   0.004973  0.002902
421   0.004272  0.002915
422   0.003575  0.002924
423   0.002958  0.002908
424   0.003088  0.003547
425   0.002944  0.004302
426   0.002936  0.004998
427   0.002941  0.005695
428   0.003098  0.006448
429   0.003874  0.006494
430   0.004603  0.006488
431   0.005320  0.006515
432   0.006000  0.006525
433   0.006671  0.006526
434   0.007343  0.006519
435   0.008020  0.006514
436   0.008697  0.006514
437   0.009368  0.006515
438   0.010029  0.006521
439   0.010685  0.006524
440   0.011348  0.006517
441   0.012019  0.006515
442   0.012679  0.006527
443   0.013339  0.006531
444   0.014003  0.006529
445   0.014685  0.006510
446   0.015392  0.006486
447   0.016125  0.006495
448   0.016482  0.005971
449   0.016460  0.005359
450   0.016470  0.004668
451   0.016507  0.004074
452   0.016139  0.003547
453   0.015414  0.003532
454   0.014701  0.003497
455   0.014009  0.003474
456   0.013331  0.003476
457   0.012661  0.003472
458   0.011990  0.003467
459   0.011327  0.003464
460   0.010663  0.003470
461   0.009988  0.003479
462   0.009315  0.003478
463   0.008654  0.003471
464   0.007987  0.003466
465   0.007325  0.003464
466   0.006662  0.003469
467   0.005988  0.003472
468   0.005306  0.003483
469   0.004604  0.003511
470   0.003875  0.003505
471   0.003518  0.004029
472   0.003526  0.004645
473   0.003527  0.005351
474   0.003521  0.005968
475   0.004181  0.005797
476   0.004983  0.005931
477   0.005683  0.005903
478   0.006347  0.005948
479   0.007011  0.005931
480   0.007703  0.005898
481   0.008402  0.005905
482   0.009083  0.005908
483   0.009739  0.005920
484   0.010374  0.005946
485   0.011023  0.005927
486   0.011706  0.005896
487   0.012387  0.005916
488   0.013017  0.005955
489   0.013674  0.005943
490   0.014335  0.005939
491   0.015019  0.005903
492   0.015799  0.005789
493   0.015876  0.005005
494   0.015840  0.004223
495   0.015049  0.004090
496   0.014349  0.004072
497   0.013669  0.004057
498   0.012983  0.004080
499   0.012293  0.004064
500   0.011641  0.004033
501   0.010995  0.004048
502   0.010317  0.004082
503   0.009626  0.004076
504   0.008946  0.004072
505   0.008278  0.004060
506   0.007639  0.004031
507   0.006993  0.004047
508   0.006312  0.004072
509   0.005638  0.004044
510   0.004974  0.004076
511   0.004193  0.004209
512   0.004081  0.004999
513   0.004671  0.005329
514   0.005347  0.005195
515   0.006111  0.005293
516   0.006694  0.005432
517   0.007340  0.005219
518   0.008112  0.005294
519   0.008807  0.005297
520   0.009484  0.005300
521   0.010133  0.005307
522   0.010708  0.005433
523   0.011343  0.005218
524   0.012116  0.005283
525   0.012796  0.005305
526   0.013369  0.005444
527   0.014010  0.005265
528   0.014667  0.005429
529   0.015242  0.005257
530   0.015335  0.004667
531   0.014668  0.004762
532   0.014008  0.004576
533   0.013346  0.004770
534   0.012588  0.004681
535   0.011897  0.004650
536   0.011313  0.004527
537   0.010682  0.004750
538   0.009921  0.004692
539   0.009222  0.004685
540   0.008549  0.004674
541   0.007894  0.004647
542   0.007313  0.004515
543   0.006683  0.004740
544   0.005910  0.004659
545   0.005315  0.004516
546   0.004763  0.004722
547   0.019551  0.000449
548   0.019551  0.009551
549   0.000449  0.009551
550   0.000449  0.000449

1008
1   531  529  528
2   531  530  529
3   533  527  526
4   533  532  527
5   515  543  516
6   515  544  543
7   523  535  524
8   523  536  535
9   517  541  518
10   517  542  541
11   514  544  515
12   514  545  544
13   401  452  403
14   401  451  452
15   520  538  521
16   520  539  538
17   550  160  16
18   550  159  160
19   547  132  46
20   547  131  132
21   548  119  61
22   548  118  119
23   549  91  90
24   549  172  91
25   159  550  18
26   550  2  18
27   16  2  550
28   172  549  3
29   549  1  3
30   90  1  549
31   118  548  62
32   548  47  62
33   61  47  548
34   131  547  48
35   547  17  48
36   46  17  547
37   546  545  514
38   543  542  517
39   541  540  518
40   540  539  519
41   538  537  521
42   537  536  523
43   535  534  524
44   534  533  525
45   532  531  527
46   528  527  531
47   526  525  533
48   525  524  534
49   523  522  537
50   522  521  537
51   520  519  539
52   519  518  540
53   517  516  543
54   514  513  546
55   512  546  513
56   510  545  546
57   509  544  545
58   508  543  544
59   507  542  543
60   506  541  542
61   505  540  541
62   504  539  540
63   503  538  539
64   502  537  538
65   501  536  537
66   500  535  536
67   499  534  535
68   498  533  534
69   497  532  533
70   496  531  532
71   495  530  531
72   493  529  530
73   491  528  529
74   490  527  528
75   489  526  527
76   488  525  526
77   487  524  525
78   486  523  524
79   485  522  523
80   484  521  522
81   483  520  521
82   482  519  520
83   481  518  519
84   480  517  518
85   479  516  517
86   478  515  516
87   477  514  515
88   476  513  514
89   475  512  513
90   512  511  546
91   511  510  546
92   510  509  545
93   509  508  544
94   508  507  543
95   507  506  542
96   506  505  541
97   505  504  540
98   504  503  539
99   503  502  538
100   502  501  537
101   501  500  536
102   500  499  535
103   499  498  534
104   498  497  533
105   497  496  532
106   496  495  531
107   495  494  530
108   494  493  530
109   493  492  529
110   492  491  529
111   491  490  528
112   490  489  527
113   489  488  526
114   488  487  525
115   487  486  524
116   486  485  523
117   485  484  522
118   484  483  521
119   483  482  520
120   482  481  519
121   481  480  518
122   480  479  517
123   479  478  516
124   478  477  515
125   477  476  514
126   476  475  513
127   473  512  475
128   472  511  512
129   469  510  511
130   468  509  510
131   467  508  509
132   466  507  508
133   465  506  507
134   464  505  506
135   463  504  505
136   462  503  504
137   461  502  503
138   460  501  502
139   459  500  501
140   458  499  500
141   457  498  499
142   456  497  498
143   455  496  497
144   454  495  496
145   453  494  495
146   450  493  494
147   449  492  493
148   446  491  492
149   445  490  491
150   444  489  490
151   443  488  489
152   442  487  488
153   441  486  487
154   440  485  486
155   439  484  485
156   438  483  484
157   437  482  483
158   436  481  482
159   435  480  481
160   434  479  480
161   433  478  479
162   432  477  478
163   431  476  477
164   430  475  476
165   429  474  475
166   474  473  475
167   473  472  512
168   472  471  511
169   471  470  511
170   470  469  511
171   469  468  510
172   468  467  509
173   467  466  508
174   466  465  507
175   465  464  506
176   464  463  505
177   463  462  504
178   462  461  503
179   461  460  502
180   460  459  501
181   459  458  500
182   458  457  499
183   457  456  498
184   456  455  497
185   455  454  496
186   454  453  495
187   453  452  494
188   452  451  494
189   451  450  494
190   450  449  493
191   449  448  492
192   448  447  492
193   447  446  492
194   446  445  491
195   445  444  490
196   444  443  489
197   443  442  488
198   442  441  487
199   441  440  486
200   440  439  485
201   439  438  484
202   438  437  483
203   437  436  482
204   436  435  481
205   435  434  480
206   434  433  479
207   433  432  478
208   432  431  477
209   431  430  476
210   430  429  475
211   428  474  429
212   427  473  474
213   426  472  473
214   425  471  472
215   471  424  470
216   422  470  424
217   421  469  470
218   420  468  469
219   419  467  468
220   418  466  467
221   417  465  466
222   416  464  465
223   415  463  464
224   414  462  463
225   413  461  462
226   412  460  461
227   411  459  460
228   410  458  459
229   409  457  458
230   408  456  457
231   407  455  456
232   406  454  455
233   405  453  454
234   404  452  453
235   400  450  451
236   399  449  450
237   398  448  449
238   448  397  447
239   395  447  397
240   394  446  447
241   393  445  446
242   392  444  445
243   391  443  444
244   390  442  443
245   389  441  442
246   388  440  441
247   387  439  440
248   386  438  439
249   385  437  438
250   384  436  437
251   383  435  436
252   382  434  435
253   381  433  434
254   380  432  433
255   379  431  432
256   378  430  431
257   377  429  430
258   376  428  429
259   428  427  474
260   427  426  473
261   426  425  472
262   425  424  471
263   423  422  424
264   422  421  470
265   421  420  469
266   420  419  468
267   419  418  467
268   418  417  466
269   417  416  465
270   416  415  464
271   415  414  463
272   414  413  462
273   413  412  461
274   412  411  460
275   411  410  459
276   410  409  458
277   409  408  457
278   408  407  456
279   407  406  455
280   406  405  454
281   405  404  453
282   404  403  452
283   402  401  403
284   401  400  451
285   400  399  450
286   399  398  449
287   398  397  448
288   396  395  397
289   395  394  447
290   394  393  446
291   393  392  445
292   392  391  444
293   391  390  443
294   390  389  442
295   389  388  441
296   388  387  440
297   387  386  439
298   386  385  438
299   385  384  437
300   384  383  436
301   383  382  435
302   382  381  434
303   381  380  433
304   380  379  432
305   379  378  431
306   378  377  430
307   377  376  429
308   376  375  428
309   374  428  375
310   373  427  428
311   372  426  427
312   371  425  426
313   370  424  425
314   369  423  424
315   367  422  423
316   366  421  422
317   365  420  421
318   364  419  420
319   363  418  419
320   362  417  418
321   361  416  417
322   360  415  416
323   359  414  415
324   358  413  414
325   357  412  413
326   356  411  412
327   355  410  411
328   354  409  410
329   353  408  409
330   352  407  408
331   351  406  407
332   350  405  406
333   349  404  405
334   348  403  404
335   347  402  403
336   345  401  402
337   344  400  401
338   343  399  400
339   342  398  399
340   341  397  398
341   340  396  397
342   338  395  396
343   337  394  395
344   336  393  394
345   335  392  393
346   334  391  392
347   333  390  391
348   332  389  390
349   331  388  389
350   330  387  388
351   329  386  387
352   328  385  386
353   327  384  385
354   326  383  384
355   325  382  383
356   324  381  382
357   323  380  381
358   322  379  380
359   321  378  379
360   320  377  378
361   319  376  377
362   318  375  376
363   317  374  375
364   374  373  428
365   373  372  427
366   372  371  426
367   371  370  425
368   370  369  424
369   369  368  423
370   368  367  423
371   367  366  422
372   366  365  421
373   365  364  420
374   364  363  419
375   363  362  418
376   362  361  417
377   361  360  416
378   360  359  415
379   359  358  414
380   358  357  413
381   357  356  412
382   356  355  411
383   355  354  410
384   354  353  409
385   353  352  408
386   352  351  407
387   351  350  406
388   350  349  405
389   349  348  404
390   348  347  403
391   347  346  402
392   346  345  402
393   345  344  401
394   344  343  400
395   343  342  399
396   342  341  398
397   341  340  397
398   340  339  396
399   339  338  396
400   338  337  395
401   337  336  394
402   336  335  393
403   335  334  392
404   334  333  391
405   333  332  390
406   332  331  389
407   331  330  388
408   330  329  387
409   329  328  386
410   328  327  385
411   327  326  384
412   326  325  383
413   325  324  382
414   324  323  381
415   323  322  380
416   322  321  379
417   321  320  378
418   320  319  377
419   319  318  376
420   318  317  375
421   315  374  317
422   314  373  374
423   313  372  373
424   312  371  372
425   311  370  371
426   310  369  370
427   309  368  369
428   306  368  308
429   305  367  368
430   304  366  367
431   303  365  366
432   302  364  365
433   301  363  364
434   300  362  363
435   299  361  362
436   298  360  361
437   297  359  360
438   296  358  359
439   295  357  358
440   294  356  357
441   293  355  356
442   292  354  355
443   291  353  354
444   290  352  353
445   289  351  352
446   288  350  351
447   287  349  350
448   286  348  349
449   285  347  348
450   284  346  347
451   281  346  283
452   280  345  346
453   279  344  345
454   278  343  344
455   277  342  343
456   276  341  342
457   275  340  341
458   274  339  340
459   271  339  273
460   270  338  339
461   269  337  338
462   268  336  337
463   267  335  336
464   266  334  335
465   265  333  334
466   264  332  333
467   263  331  332
468   262  330  331
469   261  329  330
470   260  328  329
471   259  327  328
472   258  326  327
473   257  325  326
474   256  324  325
475   255  323  324
476   254  322  323
477   253  321  322
478   252  320  321
479   251  319  320
480   250  318  319
481   249  317  318
482   248  316  317
483   316  315  317
484   315  314  374
485   314  313  373
486   313  312  372
487   312  311  371
488   311  310  370
489   310  309  369
490   309  308  368
491   307  306  308
492   306  305  368
493   305  304  367
494   304  303  366
495   303  302  365
496   302  301  364
497   301  300  363
498   300  299  362
499   299  298  361
500   298  297  360
501   297  296  359
502   296  295  358
503   295  294  357
504   294  293  356
505   293  292  355
506   292  291  354
507   291  290  353
508   290  289  352
509   289  288  351
510   288  287  350
511   287  286  349
512   286  285  348
513   285  284  347
514   284  283  346
515   282  281  283
516   281  280  346
517   280  279  345
518   279  278  344
519   278  277  343
520   277  276  342
521   276  275  341
522   275  274  340
523   274  273  339
524   272  271  273
525   271  270  339
526   270  269  338
527   269  268  337
528   268  267  336
529   267  266  335
530   266  265  334
531   265  264  333
532   264  263  332
533   263  262  331
534   262  261  330
535   261  260  329
536   260  259  328
537   259  258  327
538   258  257  326
539   257  256  325
540   256  255  324
541   255  254  323
542   254  253  322
543   253  252  321
544   252  251  320
545   251  250  319
546   250  249  318
547   249  248  317
548   248  247  316
549   246  316  247
550   245  315  316
551   244  314  315
552   243  313  314
553   242  312  313
554   241  311  312
555   240  310  311
556   239  309  310
557   238  308  309
558   237  307  308
559   235  306  307
560   234  305  306
561   233  304  305
562   232  303  304
563   231  302  303
564   230  301  302
565   229  300  301
566   228  299  300
567   227  298  299
568   226  297  298
569   225  296  297
570   224  295  296
571   223  294  295
572   222  293  294
573   221  292  293
574   220  291  292
575   219  290  291
576   218  289  290
577   217  288  289
578   216  287  288
579   215  286  287
580   214  285  286
581   213  284  285
582   212  283  284
583   211  282  283
584   209  281  282
585   208  280  281
586   207  279  280
587   206  278  279
588   205  277  278
589   204  276  277
590   203  275  276
591   202  274  275
592   201  273  274
593   200  272  273
594   198  271  272
595   197  270  271
596   196  269  270
597   195  268  269
598   194  267  268
599   193  266  267
600   192  265  266
601   191  264  265
602   190  263  264
603   189  262  263
604   188  261  262
605   187  260  261
606   186  259  260
607   185  258  259
608   184  257  258
609   183  256  257
610   182  255  256
611   181  254  255
612   180  253  254
613   179  252  253
614   178  251  252
615   177  250  251
616   176  249  250
617   175  248  249
618   174  247  248
619   173  246  247
620   246  245  316
621   245  244  315
622   244  243  314
623   243  242  313
624   242  241  312
625   241  240  311
626   240  239  310
627   239  238  309
628   238  237  308
629   237  236  307
630   236  235  307
631   235  234  306
632   234  233  305
633   233  232  304
634   232  231  303
635   231  230  302
636   230  229  301
637   229  228  300
638   228  227  299
639   227  226  298
640   226  225  297
641   225  224  296
642   224  223  295
643   223  222  294
644   222  221  293
645   221  220  292
646   220  219  291
647   219  218  290
648   218  217  289
649   217  216  288
650   216  215  287
651   215  214  286
652   214  213  285
653   213  212  284
654   212  211  283
655   211  210  282
656   210  209  282
657   209  208  281
658   208  207  280
659   207  206  279
660   206  205  278
661   205  204  277
662   204  203  276
663   203  202  275
664   202  201  274
665   201  200  273
666   200  199  272
667   199  198  272
668   198  197  271
669   197  196  270
670   196  195  269
671   195  194  268
672   194  193  267
673   193  192  266
674   192  191  265
675   191  190  264
676   190  189  263
677   189  188  262
678   188  187  261
679   187  186  260
680   186  185  259
681   185  184  258
682   184  183  257
683   183  182  256
684   182  181  255
685   181  180  254
686   180  179  253
687   179  178  252
688   178  177  251
689   177  176  250
690   176  175  249
691   175  174  248
692   174  173  247
693   171  246  173
694   170  245  246
695   169  244  245
696   168  243  244
697   167  242  243
698   166  241  242
699   165  240  241
700   164  239  240
701   163  238  239
702   162  237  238
703   161  236  237
704   158  235  236
705   157  234  235
706   156  233  234
707   155  232  233
708   154  231  232
709   153  230  231
710   152  229  230
711   151  228  229
712   150  227  228
713   149  226  227
714   148  225  226
715   147  224  225
716   146  223  224
717   145  222  223
718   144  221  222
719   143  220  221
720   142  219  220
721   141  218  219
722   140  217  218
723   139  216  217
724   138  215  216
725   137  214  215
726   136  213  214
727   135  212  213
728   134  211  212
729   133  210  211
730   130  209  210
731   129  208  209
732   128  207  208
733   127  206  207
734   126  205  206
735   125  204  205
736   124  203  204
737   123  202  203
738   122  201  202
739   121  200  201
740   120  199  200
741   117  198  199
742   116  197  198
743   115  196  197
744   114  195  196
745   113  194  195
746   112  193  194
747   111  192  193
748   110  191  192
749   109  190  191
750   108  189  190
751   107  188  189
752   106  187  188
753   105  186  187
754   104  185  186
755   103  184  185
756   102  183  184
757   101  182  183
758   100  181  182
759   99  180  181
760   98  179  180
761   97  178  179
762   96  177  178
763   95  176  177
764   94  175  176
765   93  174  175
766   92  173  174
767   172  171  173
768   171  170  246
769   170  169  245
770   169  168  244
771   168  167  243
772   167  166  242
773   166  165  241
774   165  164  240
775   164  163  239
776   163  162  238
777   162  161  237
778   161  160  236
779   160  159  236
780   159  158  236
781   158  157  235
782   157  156  234
783   156  155  233
784   155  154  232
785   154  153  231
786   153  152  230
787   152  151  229
788   151  150  228
789   150  149  227
790   149  148  226
791   148  147  225
792   147  146  224
793   146  145  223
794   145  144  222
795   144  143  221
796   143  142  220
797   142  141  219
798   141  140  218
799   140  139  217
800   139  138  216
801   138  137  215
802   137  136  214
803   136  135  213
804   135  134  212
805   134  133  211
806   133  132  210
807   132  131  210
808   131  130  210
809   130  129  209
810   129  128  208
811   128  127  207
812   127  126  206
813   126  125  205
814   125  124  204
815   124  123  203
816   123  122  202
817   122  121  201
818   121  120  200
819   120  119  199
820   119  118  199
821   118  117  199
822   117  116  198
823   116  115  197
824   115  114  196
825   114  113  195
826   113  112  194
827   112  111  193
828   111  110  192
829   110  109  191
830   109  108  190
831   108  107  189
832   107  106  188
833   106  105  187
834   105  104  186
835   104  103  185
836   103  102  184
837   102  101  183
838   101  100  182
839   100  99  181
840   99  98  180
841   98  97  179
842   97  96  178
843   96  95  177
844   95  94  176
845   94  93  175
846   93  92  174
847   92  91  173
848   91  172  173
849   4  171  172
850   5  170  171
851   6  169  170
852   7  168  169
853   8  167  168
854   9  166  167
855   10  165  166
856   11  164  165
857   12  163  164
858   13  162  163
859   14  161  162
860   15  160  161
861   19  158  159
862   20  157  158
863   21  156  157
864   22  155  156
865   23  154  155
866   24  153  154
867   25  152  153
868   26  151  152
869   27  150  151
870   28  149  150
871   29  148  149
872   30  147  148
873   31  146  147
874   32  145  146
875   33  144  145
876   34  143  144
877   35  142  143
878   36  141  142
879   37  140  141
880   38  139  140
881   39  138  139
882   40  137  138
883   41  136  137
884   42  135  136
885   43  134  135
886   44  133  134
887   45  132  133
888   49  130  131
889   50  129  130
890   51  128  129
891   52  127  128
892   53  126  127
893   54  125  126
894   55  124  125
895   56  123  124
896   57  122  123
897   58  121  122
898   59  120  121
899   60  119  120
900   63  117  118
901   64  116  117
902   65  115  116
903   66  114  115
904   67  113  114
905   68  112  113
906   69  111  112
907   70  110  111
908   71  109  110
909   72  108  109
910   73  107  108
911   74  106  107
912   75  105  106
913   76  104  105
914   77  103  104
915   78  102  103
916   79  101  102
917   80  100  101
918   81  99  100
919   82  98  99
920   83  97  98
921   84  96  97
922   85  95  96
923   86  94  95
924   87  93  94
925   88  92  93
926   89  91  92
927   3  4  172
928   4  5  171
929   5  6  170
930   6  7  169
931   7  8  168
932   8  9  167
933   9  10  166
934   10  11  165
935   11  12  164
936   12  13  163
937   13  14  162
938   14  15  161
939   15  16  160
940   18  19  159
941   19  20  158
942   20  21  157
943   21  22  156
944   22  23  155
945   23  24  154
946   24  25  153
947   25  26  152
948   26  27  151
949   27  28  150
950   28  29  149
951   29  30  148
952   30  31  147
953   31  32  146
954   32  33  145
955   33  34  144
956   34  35  143
957   35  36  142
958   36  37  141
959   37  38  140
960   38  39  139
961   39  40  138
962   40  41  137
963   41  42  136
964   42  43  135
965   43  44  134
966   44  45  133
967   45  46  132
968   48  49  131
969   49  50  130
970   50  51  129
971   51  52  128
972   52  53  127
973   53  54  126
974   54  55  125
975   55  56  124
976   56  57  123
977   57  58  122
978   58  59  121
979   59  60  120
980   60  61  119
981   62  63  118
982   63  64  117
983   64  65  116
984   65  66  115
985   66  67  114
986   67  68  113
987   68  69  112
988   69  70  111
989   70  71  110
990   71  72  109
991   72  73  108
992   73  74  107
993   74  75  106
994   75  76  105
995   76  77  104
996   77  78  103
997   78  79  102
998   79  80  101
999   80  81  100
1000   81  82  99
1001   82  83  98
1002   83  84  97
1003   84  85  96
1004   85  86  95
1005   86  87  94
1006   87  88  93
1007   88  89  92
1008   89  90  91

32
1
2
3
4
5
6
7
8
9
10
11
12
13
14
15
16
17
47
48
49
50
51
52
53
54
55
56
57
58
59
60
61

31
2
17
18
19
20
21
22
23
24
25
26
27
28
29
30
31
32
33
34
35
36
37
38
39
40
41
42
43
44
45
46

31
1
47
62
63
64
65
66
67
68
69
70
71
72
73
74
75
76
77
78
79
80
81
82
83
84
85
86
87
88
89
90

