18.225744
18.208620
17.542475
17.502349
14.184007
13.964873
16.571015
16.314676
14.697025
14.466926
13.842383
13.626346
18.143187
18.362216
15.657579
15.419379
10.313514
10.401657
18.023475
18.225197
23.848351
23.646263
13.648575
13.498183
10.313102
10.157731
10.157731
13.349849
13.408852
13.588925
23.849305
24.214100
24.214100
18.425123
18.343130
18.100057
13.479434
14.306087
14.794938
15.103479
15.759370
16.133778
16.688754
17.072092
17.733847
18.004020
17.337731
16.950123
16.182414
16.002022
15.341094
15.027999
14.348782
13.502233
13.306267
13.279813
13.509661
13.823155
14.090419
14.338885
14.637769
14.940342
15.253441
15.596166
15.890717
16.170605
16.515760
16.895800
17.233326
17.583045
17.962659
18.474753
18.499711
18.156617
17.807774
17.486779
17.126297
16.746765
16.429937
16.144753
15.822217
15.508296
15.191789
14.853642
14.568404
14.308233
13.983878
13.696565
13.372028
13.095322
13.091394
13.306000
13.584577
13.888416
14.125266
14.412200
14.707758
15.012078
15.328672
15.663374
15.929219
16.254424
16.601202
16.973191
17.285968
17.680902
18.076723
18.394378
18.770098
18.777796
18.458133
18.069855
17.753898
17.397823
17.041049
16.671740
16.390388
16.067122
15.751335
15.434497
15.115566
14.784881
14.529994
14.231177
13.915525
13.619534
13.222833
12.924375
12.913265
13.168072
13.434756
13.710132
13.979264
14.256246
14.547150
14.845772
15.154009
15.461222
15.762995
16.078212
16.413679
16.752460
17.096694
17.464410
17.886837
18.604530
19.019506
19.038535
18.662107
18.298427
17.942552
17.591135
17.235567
16.890563
16.566376
16.246461
15.925396
15.606306
15.287035
14.978788
14.686447
14.391606
14.096621
13.768937
13.476334
13.277025
12.986042
12.727756
12.627476
12.699404
12.963336
13.222172
13.495214
13.765770
14.037118
14.321259
14.613490
14.912579
15.219463
15.521949
15.828389
16.152181
16.487707
16.822968
17.177581
17.556339
17.984946
18.281417
18.548800
18.934111
19.320855
19.476237
19.364570
18.963861
18.589466
18.224650
17.868959
17.514255
17.160240
16.824314
16.500243
16.175619
15.854210
15.535148
15.219159
14.918396
14.625332
14.325556
14.027015
13.693963
13.418242
13.100038
12.838072
12.581470
12.406308
12.276969
12.546040
12.811909
13.073341
13.339040
13.607962
13.881334
14.162039
14.449143
14.742362
15.041080
15.343549
15.652100
15.969571
16.294948
16.626954
16.975737
17.350045
17.737217
18.798275
19.160773
19.546478
19.825423
20.034486
19.602853
19.192606
18.808617
18.437840
18.074012
17.715591
17.363583
17.021123
16.687753
16.358458
16.033417
15.713105
15.399655
15.094117
14.794642
14.495164
14.189824
13.884528
13.576972
13.187839
12.897908
12.630255
12.389695
12.092496
12.344926
12.608297
12.867762
13.129808
13.396120
13.665646
13.941292
14.223636
14.511263
14.805446
15.104385
15.408281
15.719392
16.038388
16.363694
16.698937
17.056393
17.433177
17.814542
18.198972
18.679471
19.080466
19.471952
19.851014
20.340116
19.923802
19.505278
19.109873
18.730723
18.360747
17.997540
17.640283
17.290636
16.950632
16.616814
16.287454
15.963504
15.645527
15.334959
15.031456
14.730572
14.429072
14.122582
13.825505
13.536708
13.337040
13.049960
12.746989
12.483467
12.239949
11.990265
11.970139
12.210730
12.464381
12.721012
12.979551
13.242285
13.509797
13.782713
14.061142
14.345196
14.634988
14.930634
15.232253
15.539965
15.853893
16.174163
16.504038
16.853277
17.216618
17.587266
17.949371
18.471058
18.869655
19.306949
19.703871
20.093675
20.513539
20.548236
20.142764
19.732067
19.333418
18.949075
18.573858
18.206071
17.845566
17.492200
17.146518
16.807498
16.474358
16.147659
15.827597
15.514190
15.206989
14.903336
14.600052
14.297935
14.000529
13.723849
13.404428
13.121014
12.811396
12.540396
12.284952
12.046150
11.789450
11.785678
12.020639
12.268010
12.521224
12.776341
13.034961
13.298285
13.566928
13.840998
14.120605
14.405860
14.696878
14.993775
15.296669
15.605682
15.920938
16.242562
16.577811
16.930472
17.293403
17.666057
18.064796
18.382242
18.769160
19.215074
19.619130
20.021067
20.418168
20.862955
20.869632
20.461910
20.048716
19.642883
19.250463
18.869278
18.495641
18.129403
17.770417
17.418539
17.074312
16.736050
16.404490
16.079338
15.760946
15.448858
15.142950
14.838944
14.536244
14.234877
13.938922
13.639706
13.247848
12.941964
12.660224
12.392421
12.141448
11.898652
11.655697
11.386690
11.650453
11.887591
12.130647
12.378921
12.630128
12.885274
13.145574
13.411132
13.682055
13.958450
14.240430
14.528106
14.821593
15.121009
15.426474
15.738109
16.056040
16.384325
16.726681
17.079606
17.446954
17.863957
18.235953
18.596718
19.025023
19.441017
19.853595
20.258513
20.671276
21.102364
21.600686
21.112074
20.690716
20.276348
19.869484
19.474094
19.088482
18.710504
18.340011
17.976855
17.620889
17.271972
16.929964
16.594729
16.266131
15.944040
15.628327
15.318865
15.013880
14.711729
14.409462
14.109878
13.790571
13.517499
13.298817
13.001375
12.719994
12.447939
12.192062
11.948851
11.709086
11.467823
11.207521
11.465185
11.701828
11.940370
12.184749
12.432513
12.683667
12.939894
13.201297
13.467981
13.740052
14.017620
14.300794
14.589690
14.884421
15.185106
15.491866
15.804822
16.124101
16.456081
16.799096
17.154407
17.529674
17.939502
18.236500
18.531558
18.941307
19.351793
19.767419
20.175825
20.584021
21.006147
21.447865
21.946004
21.453013
21.019385
20.599259
20.186319
19.783635
19.391893
19.007908
18.631526
18.262597
17.900973
17.546510
17.199066
16.858502
16.524681
16.197471
15.876739
15.562359
15.254203
14.950505
14.648019
14.346056
14.045824
13.736618
13.513985
13.338507
13.102789
12.834606
12.561356
12.297858
12.049041
11.809155
11.573351
11.337945
11.108994
11.108106
11.335111
11.569416
11.805967
12.046029
12.289867
12.538139
12.791426
13.049830
13.313454
13.582403
13.856786
14.136712
14.422292
14.713642
15.010877
15.314117
15.623483
15.939098
16.263366
16.597384
16.944700
17.311397
17.679665
18.003480
18.469765
18.800343
19.184163
19.592662
20.004857
20.414289
20.827726
21.252299
21.693552
22.140646
22.142417
21.699193
21.259739
20.833767
20.418576
20.013261
19.616972
19.228530
18.847779
18.474568
18.108747
17.750170
17.398693
17.054176
16.716481
16.385472
16.061018
15.742989
15.431256
15.125697
14.822927
14.519972
14.219370
13.933069
13.683149
13.397861
13.145311
12.885145
12.616621
12.351594
12.099391
11.858739
11.623223
11.390106
11.158763
10.935617
10.935836
11.157647
11.387942
11.620783
11.857554
12.097576
12.341963
12.591287
12.845648
13.105148
13.369889
13.639979
13.915525
14.196637
14.483428
14.776013
15.074508
15.379033
15.689710
16.006663
16.332306
16.668240
17.019080
17.385997
17.742184
18.089200
18.378750
18.737092
19.108344
19.508789
19.919419
20.329542
20.740641
21.161111
21.594207
22.041898
22.491672
22.491222
22.044102
21.598526
21.165555
20.743130
20.331372
19.928783
19.534167
19.147365
18.768221
18.396586
18.032309
17.675245
17.325252
16.982189
16.645919
16.316308
15.993223
15.676536
15.366120
15.061851
14.758292
14.457381
14.160623
13.882445
13.612182
13.253545
12.976566
12.719740
12.460020
12.203650
11.958653
11.721856
11.489173
11.259758
11.034372
10.813281
10.812308
11.033930
11.258969
11.488828
11.721856
11.958653
12.200234
12.446695
12.698135
12.954654
13.216355
13.483343
13.755725
14.033609
14.317107
14.606331
14.901399
15.202427
15.509537
15.822850
16.142493
16.471393
16.814727
17.165389
17.518458
17.899899
18.569958
18.967843
19.350245
19.750624
20.157473
20.567560
20.983053
21.408009
21.844192
22.290378
22.746132
22.748179
22.291046
21.845722
21.408651
20.983053
20.567560
20.160295
19.761095
19.369799
18.986251
18.610298
18.241790
17.880578
17.526519
17.179470
16.839294
16.505854
16.179016
15.858650
15.544628
15.236823
14.933023
14.632793
14.337451
14.052427
13.753249
13.298551
13.025449
12.768550
12.512587
12.256852
12.009225
11.771426
11.538221
11.308957
11.083251
10.862268
10.640581
10.564561
10.638985
10.860856
11.082476
11.308505
11.538336
11.771426
12.009225
12.251827
12.499331
12.751834
13.009438
13.272246
13.540363
13.813897
14.092956
14.377653
14.668100
14.964416
15.266717
15.575125
15.889763
16.210758
16.543530
16.886510
17.235222
17.590432
17.962300
18.228843
18.501376
18.891746
19.272806
19.667845
20.072588
20.480948
20.894691
21.317005
21.749159
22.192072
22.643551
23.115308
23.281641
23.118776
22.646269
22.193403
21.750029
21.316791
20.894691
20.480948
20.075398
19.677879
19.288231
18.906298
18.531928
18.164971
17.805281
17.452713
17.107126
16.768382
16.436346
16.110884
15.791868
15.479168
15.172660
14.870139
14.571610
14.279788
13.994230
13.702593
13.499128
13.121539
12.867504
12.612206
12.360737
12.112707
11.871316
11.636248
11.405721
11.179537
10.957620
10.740000
10.522177
10.520598
10.738389
10.957072
11.179537
11.405835
11.636248
11.871316
12.111133
12.355794
12.605397
12.860043
13.119834
13.384872
13.655264
13.931119
14.212546
14.499658
14.792571
15.091401
15.396267
15.707292
16.024601
16.350772
16.684583
17.024527
17.375742
17.720906
18.745901
19.116753
19.506448
19.904087
20.308613
20.718874
21.137423
21.564643
22.000938
22.446509
22.901332
23.375421
23.378928
22.904539
22.447407
22.000938
21.564428
21.137423
20.718874
20.308613
19.906476
19.512301
19.125932
18.747213
18.375993
18.012124
17.655460
17.305859
16.963180
16.627286
16.298044
15.975321
15.658988
15.348920
15.044991
14.745458
14.451744
14.162181
13.885499
13.173077
12.918561
12.662250
12.411520
12.164053
11.921638
11.685574
11.454184
11.227264
11.004729
10.786497
10.572593
10.358476
10.358061
10.571430
10.786066
11.004619
11.227376
11.454184
11.685574
11.921638
12.162471
12.408170
12.658831
12.914557
13.175448
13.441610
13.713148
13.990172
14.272792
14.561122
14.855276
15.155373
15.461531
15.773875
16.092528
16.420082
16.752795
17.093104
17.443814
17.784817
18.672374
19.039487
19.426441
19.820071
20.222889
20.631419
21.048201
21.473403
21.907413
22.350420
22.802612
23.263953
23.744836
23.745786
23.266512
22.803296
22.350643
21.907194
21.473403
21.048201
20.631419
20.222889
19.822449
19.429938
19.045200
18.668080
18.298427
17.936094
17.580935
17.232809
16.891577
16.557101
16.229249
15.907888
15.592891
15.284131
14.981485
14.683216
14.392325
14.104094
13.831728
