16.487213
10.000000
15.946432
15.424160
14.918247
14.428928
13.956357
13.498588
13.055834
12.628234
12.214028
11.813407
11.426499
11.051709
10.689213
10.339123
27.182818
10.339123
10.689213
11.051709
11.426499
11.813407
12.214028
12.628234
13.055834
13.498588
13.956357
14.428928
14.918247
15.424160
15.946432
16.487213
17.046333
17.623533
18.221188
18.839111
19.477016
20.137527
20.820438
21.525431
22.255409
23.010142
23.789281
24.596031
25.430140
26.291221
44.816891
28.104651
29.056293
30.041660
31.060443
32.112170
33.201169
34.327099
35.489437
36.692967
37.937311
39.221893
40.552000
41.927213
43.346896
43.346896
41.927213
40.552000
39.221893
37.937311
36.692967
35.489437
34.327099
33.201169
32.112170
31.060443
30.041660
29.056293
28.104651
27.182818
26.291221
25.430140
24.596031
23.789281
23.010142
22.255409
21.525431
20.820438
20.137527
19.477016
18.839111
18.221188
17.623533
17.046333
16.852265
17.380260
17.989443
18.600437
19.241802
19.893342
20.567972
21.265480
21.985543
22.731124
23.501990
24.297783
25.121777
25.973716
26.853203
27.763858
28.705395
29.677379
30.683808
31.724368
32.798576
33.910852
35.060849
36.248032
37.484784
38.765671
40.100351
41.541175
41.532867
40.078302
38.759857
37.482910
36.249845
35.060849
33.910852
32.798576
31.724368
30.665403
29.650681
28.662369
27.795805
26.612608
25.822213
24.937809
24.106586
23.308896
22.528588
21.789650
21.074949
20.384710
19.716091
19.069403
18.444848
17.839857
17.254709
16.689589
16.142170
15.612706
15.101364
14.606039
14.126961
13.664280
13.216091
12.782603
12.363951
11.956022
11.560396
11.176184
10.788547
10.790705
11.182333
11.562708
11.956620
12.363333
12.782603
13.216091
13.664280
14.136146
14.625771
15.121765
15.636925
16.127648
16.492984
17.166076
17.744668
18.355607
18.994227
19.652117
20.317551
21.006567
21.718949
22.454366
23.215847
24.003151
24.815913
25.657479
26.527584
27.425825
28.355899
29.317514
30.310224
31.338115
32.400864
33.497978
34.633973
35.822819
37.052473
38.316672
39.645803
38.320504
37.048768
35.815655
34.633973
33.497978
32.400864
31.316186
30.251177
29.244312
28.314813
27.210015
26.153554
25.298247
24.436675
23.598546
22.805120
22.058215
21.334705
20.634926
19.959098
19.304439
18.671253
18.059739
17.467379
16.894449
16.341128
15.805138
15.286729
14.786064
14.301080
13.832005
13.378984
12.940153
12.510710
12.095519
11.696447
11.304322
11.695277
12.096729
12.513213
12.940153
13.378984
13.832005
14.321116
14.834938
15.345697
15.856589
16.507009
16.927425
17.481359
18.115811
18.756401
19.413818
20.072186
20.751844
21.455587
22.183197
22.934334
23.712091
24.516224
25.346359
26.205914
27.094618
28.012059
28.962014
29.944183
30.958113
32.007975
33.101715
34.236252
35.411446
36.665457
37.886130
36.647129
35.386666
34.207164
33.081860
31.993575
30.907074
29.829120
28.795960
27.890471
27.216818
26.571391
25.695994
24.760140
23.907330
23.101212
22.327857
21.596583
20.888214
20.203081
19.541396
18.900438
18.280503
17.681786
17.101823
16.540883
15.999142
15.474370
14.966810
14.476622
14.001789
13.539822
13.090478
12.656679
12.223192
11.829366
12.229305
12.664909
13.101610
13.546593
14.012294
14.512859
15.047097
15.601781
16.130874
16.528482
17.262475
17.883618
18.519701
19.167863
19.828793
20.501234
21.195419
21.914206
22.657368
23.424561
24.218943
25.040264
25.888144
26.766071
27.673772
28.610824
29.581084
30.584248
31.635664
32.728135
33.843098
34.997796
33.788993
32.654579
31.586667
30.523140
29.437963
28.384269
27.212736
26.016608
25.095413
24.224998
23.396469
22.601925
21.860582
21.144611
20.451068
19.780272
19.132436
18.504891
17.897931
17.311744
16.743918
16.194717
15.664313
15.150524
14.653586
14.167280
13.693689
13.243212
12.805632
13.264418
13.723849
14.192095
14.696878
15.248560
15.824116
16.545846
17.044628
17.647341
18.283245
18.929756
19.587372
20.251626
20.938406
21.647394
22.383747
23.143989
23.928856
24.735392
25.574227
26.440187
27.336836
28.263892
29.220926
30.223963
31.284886
32.384668
33.424364
32.163591
31.188053
30.148498
29.152337
27.876529
27.173306
26.354396
25.441586
24.543206
23.677734
22.880502
22.130021
21.404156
20.703134
20.024071
19.367281
18.732970
18.118529
17.524240
16.950293
16.394323
15.856589
15.334192
14.825299
14.323981
13.839614
13.408450
13.934045
14.366299
14.869098
15.400271
16.117169
16.793386
17.411573
18.071482
18.705827
19.345021
19.999056
20.682441
21.394526
22.125595
22.875926
23.642244
24.430567
25.261591
26.124801
27.006703
27.915584
28.856495
29.858964
30.987537
30.729868
29.771010
28.774371
27.984061
26.759381
25.787377
24.840741
23.968371
23.171778
22.403901
21.659304
20.949926
20.271888
19.607950
18.958172
18.335427
17.729592
17.150633
16.595558
16.048014
15.518535
15.004274
14.462876
14.584147
15.046345
15.587746
16.071300
16.469087
17.258160
17.847886
18.491942
19.099938
19.739764
20.449023
21.160476
21.879171
22.614360
23.338050
24.111408
24.971498
25.820922
26.667220
27.557786
28.465280
29.429133
28.406986
27.268579
26.037429
25.119265
24.261363
23.470284
22.656235
21.895587
21.215565
20.543305
19.839702
19.172656
18.531743
17.923005
17.367230
16.806826
16.227139
15.722379
15.221138
15.745980
16.487213
16.940125
17.686207
18.336344
18.737654
19.548237
20.242515
20.942594
21.640901
22.412864
22.888511
23.867915
24.720555
25.616459
26.215087
27.313609
27.869561
27.185537
26.419043
25.324824
24.739103
23.713277
22.872495
22.078076
21.632246
20.764298
20.044105
19.370186
18.720798
18.065158
17.703017
16.963010
16.348483
16.068086
27.182818
42.849119
16.487213
10.459233
