404438.627243
400654.716390
275999.761062
269751.185786
32960.174522
28207.841312
156131.718446
133593.285285
47021.267530
40157.129651
25829.054456
22069.575813
386487.683204
435763.645986
88561.745676
75974.670360
1361.653813
1482.603998
361730.695541
404317.313852
5950913.403792
5465440.493414
22432.257726
20079.512166
1361.109260
1169.410762
1169.410762
17978.920710
18789.533762
21470.931563
5953294.245290
6929202.457062
6929202.457062
450924.536199
431255.188682
377397.874137
19802.337772
35909.432331
50249.470019
61768.899904
94490.566111
119498.043637
167586.561022
210313.652550
307630.688435
357845.024422
245427.110277
195762.071321
123149.615210
110090.196722
72204.328816
58750.519762
36995.637489
20139.841151
17400.518419
17057.670751
20250.915451
25472.514293
30848.866272
36741.246250
45159.469857
55412.211852
68183.322717
85148.773244
102667.950593
122253.896371
151003.044672
189577.895859
231042.112708
282449.563962
349708.517373
463219.025748
469514.884021
389358.300243
320698.041588
267361.052105
217087.391875
173503.886550
143337.214850
120313.399402
98327.131875
80471.251788
65477.069672
52279.273901
43064.543417
35963.336897
28594.088481
23233.611459
18279.861694
14830.709541
14786.284084
17397.038664
21402.334396
26700.972821
31620.321521
38663.654556
47365.778719
58131.053226
71621.836033
88890.031089
105182.822211
128740.660872
158999.331848
198442.621919
238197.461535
298568.682950
372560.708359
443456.627045
542832.065250
545062.245463
459068.758732
371147.664151
311126.630085
254067.505146
206520.565863
165885.866387
139924.081427
114651.833348
94009.890987
76722.882380
62265.032990
49908.932762
41942.515407
34072.820034
27226.751473
21959.503344
16339.737101
13004.559152
12893.199477
15675.515927
19155.693842
23464.766542
28499.883513
34677.809961
42440.368646
52002.926716
63866.821424
78061.735937
94708.144532
115445.666573
141925.177540
174094.803754
213364.079509
263960.639704
335224.346927
496806.194827
619430.185622
625655.562484
512397.145928
420859.900336
345813.634039
283751.824860
231342.662769
188991.114363
155695.161100
128111.374645
104930.686122
85704.042941
69699.977852
56854.763081
46683.930275
38114.698685
30984.900340
24490.860325
19756.844732
17021.887229
13638.545339
11156.251350
10307.790824
10910.220386
13401.947068
16331.569274
20035.385796
24434.596075
29701.572781
36292.096852
44416.010443
54391.070763
66679.662741
81182.523811
98711.356440
120868.115909
148457.689730
181562.509614
223676.318471
278188.794472
354071.900051
416964.047060
482123.352809
592173.697626
724875.560911
785326.849567
741444.269784
601544.190571
492798.318461
404196.036851
331888.808944
271591.744658
221428.557953
181707.817738
149590.266512
122633.471487
100333.536400
81875.516309
66666.328142
54603.610121
44777.241137
36401.136621
29488.489478
23189.509507
18921.521917
14884.196314
12161.801315
9938.339953
8638.249862
7778.783784
9661.993564
11916.214075
14583.634859
17833.879662
21773.638610
26565.144517
32453.230781
39666.222226
48492.056450
59263.879159
72319.948213
88252.321375
107877.896547
131986.546904
161483.020353
198740.509212
247175.843416
308215.742369
551035.921328
667006.639407
814113.670010
938046.949007
1041794.514613
837901.037640
678171.360428
554074.968614
454046.674488
372002.286217
304478.354732
249111.353672
204118.355576
167486.039245
137221.992824
112269.249537
91752.983122
75008.391954
61387.117473
50239.421130
40947.878423
33095.588647
26626.314668
21282.816286
15912.421012
12740.679695
10330.492927
8523.269403
6685.894442
8220.244885
10152.297149
12446.008885
15225.931592
18611.878390
22714.420793
27735.134418
33892.711796
41404.931827
50607.510797
61805.972365
75429.617279
92120.730058
112617.824222
137661.806528
168611.963342
208387.640188
259277.780875
321919.012521
398536.863660
517184.666852
639572.509969
783601.029596
950226.141547
1212088.277260
985648.696960
797115.829420
649498.157949
531551.452869
435415.174477
356559.098390
291779.972677
238841.463693
195820.808753
160500.972220
131380.803067
107468.738433
87882.438922
71916.088366
58885.801472
48105.667615
39118.675999
31560.299948
25515.854396
20660.011080
17807.148895
14324.910289
11325.989040
9190.772577
7547.376353
6141.690316
6039.371801
7369.132556
9051.224025
11097.279631
13570.522810
16581.705346
20252.940644
24736.997564
30213.837053
36903.263911
45073.748326
55053.200526
67242.130968
82129.724228
100313.471699
122523.151014
149934.720095
184860.225190
228811.838531
283128.257022
347130.225789
462293.513517
572320.986961
719675.200635
882095.211741
1072985.254259
1319489.238277
1341978.102051
1099488.114475
894799.794540
729602.598285
596870.397374
488676.149932
400094.192245
327569.419319
268191.157364
219664.196346
179899.794742
147260.039474
120530.158545
98662.013098
80777.624284
66135.125162
54054.889363
44009.257081
35705.330808
28936.390793
23700.591366
18727.630497
15124.258834
11911.448542
9618.612274
7829.510562
6434.022977
5187.230851
5170.658242
6299.057380
7722.205425
9472.567597
11589.505612
14161.117434
17296.427893
21125.904735
25803.238311
31516.146443
38493.908192
47016.565638
57426.162950
70140.473817
85669.768179
104637.291145
127804.276011
156773.172574
193504.351386
239223.915915
296071.210084
370109.904234
440539.450578
542560.717060
686152.564342
844884.557770
1034837.822308
1259411.717443
1562277.544571
1567284.840113
1286653.576456
1049217.576353
855169.760910
698894.639120
572206.534209
468483.086669
383561.510353
314033.604223
257108.969277
210587.238090
172397.007467
141132.617785
115526.506831
94585.103938
77439.733377
63402.291226
51764.262602
42123.256538
34161.524632
27688.024744
22286.920907
16651.494964
13182.629289
10578.249933
8542.041237
6961.535028
5688.234962
4627.885184
3664.163247
4607.106488
5635.579604
6899.852262
8449.438589
10329.459929
12616.430848
15409.743436
18821.503135
22988.635842
28078.383224
34295.014714
41888.025563
51162.149957
62489.591070
76324.958890
93223.515304
113863.458718
139407.318925
171434.282372
211241.071446
261334.187455
330960.820069
406709.837007
494723.984511
621229.140384
771240.301423
951462.238820
1164328.727078
1424533.969120
1751100.979079
2211441.844267
1759174.598671
1437987.722004
1174620.035219
959104.464876
784463.464981
642264.363446
525841.585959
430522.677672
352482.156108
288587.981117
236275.855109
193446.308787
158380.442074
129670.938612
106165.585222
86921.029540
71164.919973
58200.852361
47493.839125
38590.263356
31277.531615
24878.401067
20368.712041
17303.347848
13800.433435
11088.405358
8932.532953
7257.242966
5932.822088
4844.286649
3933.776870
3126.768365
3924.739580
4814.344987
5890.848235
7213.829878
8822.453448
10775.768975
13161.553947
16075.558292
19634.731237
23981.914889
29291.576991
35776.812928
43697.897989
53372.733129
65189.603455
79622.761463
97251.460463
118783.202045
145634.491518
179002.540773
220676.979264
273992.298958
345226.250279
406831.868262
477660.390569
594428.238592
736566.850791
910960.921434
1117668.390336
1365532.853077
1672876.702793
2059873.804591
2591520.375413
2064823.438908
1683449.094085
1375675.276875
1123495.403068
918461.511381
751972.684886
615663.162591
504062.364750
412691.359490
337883.107544
276635.291092
226489.820204
185434.181060
151820.666706
124300.248785
101768.436295
83320.948488
68217.422902
55790.298932
45476.695139
36925.412513
29886.294578
23922.034983
20315.822176
17826.747536
14915.485969
12129.008741
9780.591864
7912.153539
6449.483177
5274.584983
4311.129781
3510.294721
2862.513257
2860.224162
3501.529945
4296.496830
5260.362812
6433.379607
7860.891324
9601.314345
11727.071822
14323.477869
17494.735376
21368.118041
26099.078312
31877.486236
38935.249612
47555.621266
58084.566980
70944.650316
86651.991572
105836.981507
129450.685285
158634.053616
195136.633927
241724.826836
298359.758004
357737.687016
461970.021293
551642.394340
675193.961523
833555.261056
1026489.492329
1257021.106979
1536096.903602
1879573.183508
2308377.094237
2830758.568144
2833024.081082
2314386.683763
1886163.215479
1540558.050158
1259663.624977
1030809.814522
843955.695724
690972.482324
565720.420810
463172.706161
379213.738520
310473.949716
254194.570662
208116.912267
170391.716308
139504.938211
114216.983120
93512.956604
76561.933383
62683.609376
51208.216619
41654.108200
33791.186025
27571.978907
23007.034109
18636.089566
15406.661795
12615.169268
10219.523915
8264.754275
6724.112860
5500.285500
4500.551748
3675.172241
2993.370470
2445.867828
2446.357051
2990.378596
3668.196044
4491.110506
5494.787964
6714.034251
8200.539953
10016.162117
12233.768036
14942.358021
18250.637301
22291.378737
27226.751473
33254.829345
40617.540284
49610.375732
60594.249752
74009.983776
90395.998316
110409.921670
135043.912051
165537.871590
203873.560456
252345.706860
309079.955781
375140.266487
439703.220292
533361.803661
648978.767206
798551.930016
983482.653348
1205801.777284
1473064.199950
1800464.560947
2204817.460279
2707010.044033
3312968.850327
3312306.322812
2709718.408033
2209231.507775
1804249.509330
1474832.938020
1206887.487380
988115.901423
809000.876100
662353.896530
542289.504510
443989.094414
363507.525628
297614.790207
243666.381313
199497.159872
163334.459939
133726.945390
109486.362706
89639.852190
73390.903689
60087.389846
49018.608925
39892.965297
32420.793771
26586.405135
21841.241620
16723.250556
13539.346474
11086.187898
9019.600116
7326.515297
5981.671237
4897.378197
4007.629823
3275.596533
2675.938072
2185.621003
2183.654829
2674.867911
3273.304418
4006.427714
4897.378197
5981.671237
7306.029747
8923.604885
10899.315619
13312.454159
16259.868228
19859.847900
24256.873002
29627.411589
36187.002232
44198.904336
53984.663664
65937.017097
80535.654547
98366.470594
120145.078495
146995.209822
180675.029419
222093.841052
272244.347655
337680.438486
487651.006794
602808.760705
735977.832949
903250.569023
1107543.744988
1354652.171011
1654575.898021
2021914.269866
2473773.508364
3028128.345840
3707451.528417
3710789.736761
3029036.920624
2475505.756036
2022520.935142
1654575.898021
1354652.171011
1109095.392131
908050.505635
743448.874311
608684.456740
498348.683653
408013.393063
334053.112568
273499.556421
223922.497795
183332.235251
150099.739030
122891.272373
100614.863977
82376.483355
67444.160253
55141.356152
45006.188386
36704.523368
30027.090775
24213.249903
17299.887524
14058.117683
11519.024813
9407.431857
7652.252125
6239.499682
5108.470273
4182.043489
3421.571676
2796.867386
2286.677750
1860.601830
1731.866970
1857.813020
2283.707000
2794.910263
3420.203321
4182.461714
5108.470273
6239.499682
7620.942121
9308.239727
11369.109676
13886.261916
16960.718604
20715.868484
25302.418904
30904.444237
37746.773430
46104.013180
56311.568860
68779.105522
84006.989188
102606.368299
125323.701245
153561.325208
188538.079547
231296.398863
283638.346827
349638.582663
405126.757654
469937.637627
579056.468239
707049.020911
866099.674921
1061777.850924
1298675.268941
1586205.555439
1937589.589693
2368234.453068
2897199.906359
3543605.533201
4355087.583038
4678814.290122
4361625.116336
3547860.412258
2898938.747903
2369181.936334
1937395.840422
1586205.555439
1298675.268941
1063265.380944
870528.066062
712728.099102
583532.413318
477755.932201
391153.474158
320249.378467
262198.014805
214669.578117
175756.585354
143897.321486
117813.162386
96457.259163
78972.524434
64657.234402
52862.806455
43159.389705
35254.740412
28806.469577
23336.064581
20093.572745
15130.309748
12443.519932
10183.818103
8326.140304
6798.486406
5558.898627
4551.241259
3725.868578
3049.568179
2495.527176
2041.939313
1663.626736
1661.133167
2038.878700
2494.279725
3049.568179
3726.241184
4551.241259
5558.898627
6789.654116
8292.902264
10128.973698
12371.556412
15110.653124
18456.193404
22542.445529
27533.405144
33629.376985
41075.013804
50169.135152
61276.720049
74843.554879
91414.124360
111653.463628
136578.562703
167168.117891
204527.000796
250861.250641
305393.161320
535874.504360
651840.565120
797594.242427
975938.917572
1193445.761695
1457677.945049
1780411.862592
2174817.430501
2657125.026058
3247042.951266
3968327.498884
4870734.373071
4878045.956948
3973887.048159
3248342.028245
2657125.026058
2174599.959631
1780411.862592
1457677.945049
1193445.761695
977110.747231
799990.617921
654976.921066
536249.747833
439044.159881
359458.955654
294300.101463
240952.543702
197275.257561
161515.320187
132237.559730
108266.956863
88641.487126
72573.511508
59418.165731
48593.996769
39737.685724
32456.476266
26644.959613
15735.196209
12946.170110
10595.188680
8674.606807
7092.231287
5799.084151
4747.888534
3887.242355
3182.286616
2604.914882
2132.084202
1745.079302
1422.192934
1421.624170
1743.160770
2131.231539
2604.654404
3182.604860
3887.242355
4747.888534
5799.084151
7083.017376
8651.216959
10566.620256
12906.099125
15763.545068
19253.637424
23516.445855
28723.051829
35082.414727
42849.758111
52336.812743
63924.327437
78077.349845
95363.890451
116477.718826
142479.766478
174129.626197
212916.485081
260864.209025
316587.606161
515223.094466
625968.468485
765477.636169
935517.638351
1144015.819410
1397304.077207
1706671.053889
2084532.732492
2546308.647074
3110690.480550
3800545.925496
4643390.084009
5697598.219366
5699877.714523
4648500.623383
3801686.260316
3111001.565152
2546054.028940
2084532.732492
1706671.053889
1397304.077207
1144015.819410
936640.933359
766856.736733
627849.193568
514039.443069
420859.900336
344570.943142
282110.827768
230972.810470
189104.543056
154825.704947
126760.566007
103782.773668
84970.148441
69567.673623
56957.193815
46581.338521
38133.760800
31149.556264
25630.934477
