14.918247
10.000000
14.525491
14.143641
13.771278
13.408718
13.056226
12.712492
12.377807
12.052415
11.735109
11.426156
11.125782
10.832871
10.547671
10.270391
22.255409
10.270391
10.547671
10.832871
11.125782
11.426156
11.735109
12.052415
12.377807
12.712492
13.056226
13.408718
13.771278
14.143641
14.525491
14.918247
15.321623
15.735276
16.160744
16.597716
17.045821
17.506725
17.980091
18.465518
18.964809
19.477600
20.003457
20.544332
21.099832
21.669486
33.201169
22.857175
23.474274
24.108997
24.760883
25.429377
26.116965
26.823144
27.547316
28.292170
29.057165
29.841651
30.648542
31.477251
32.327074
32.327074
31.477251
30.648542
29.841651
29.057165
28.292170
27.547316
26.823144
26.116965
25.429377
24.760883
24.108997
23.474274
22.857175
22.255409
21.669486
21.099832
20.544332
20.003457
19.477600
18.964809
18.465518
17.980091
17.506725
17.045821
16.597716
16.160744
15.735276
15.321623
15.181918
15.561269
15.996102
16.429280
16.880939
17.336690
17.805459
18.286902
18.780613
19.288423
19.809965
20.344795
20.894900
21.459879
22.039253
22.635175
23.247209
23.874838
24.520392
25.183401
25.863303
26.562623
27.280853
28.017382
28.779551
29.563636
30.375158
31.245179
31.240180
30.361796
29.560089
28.778400
28.018502
27.280853
26.562623
25.863303
25.183401
24.508625
23.857654
23.219329
22.656009
21.881140
21.359681
20.772398
20.216621
19.679650
19.150812
18.646624
18.155710
17.678427
17.213003
16.759832
16.319245
15.889605
15.471275
15.064562
14.667954
14.281787
13.906343
13.540228
13.183751
12.837173
12.499206
12.170136
11.850204
11.536375
11.229959
10.930369
10.626013
10.627714
10.935180
11.231756
11.536837
11.849730
12.170136
12.499206
12.837173
13.190608
13.554859
13.921370
14.299507
14.657397
14.922425
15.407665
15.821742
16.256049
16.706955
17.168307
17.631818
18.108566
18.598205
19.100320
19.616775
20.147195
20.691130
21.250599
21.825196
22.414433
23.020499
23.642953
24.281266
24.937809
25.612105
26.303581
27.014806
27.754142
28.513712
29.289383
30.099396
29.291726
28.511431
27.749702
27.014806
26.303581
25.612105
24.923848
24.243416
23.595714
22.993811
22.273221
21.578665
21.012239
20.437779
19.875048
19.338639
18.830259
18.334510
17.851813
17.382520
16.924886
16.479301
16.046088
15.623639
15.212312
14.812406
14.422437
14.042734
13.673574
13.313587
12.963077
12.622300
12.289990
11.962600
11.643931
11.335565
11.030510
11.334658
11.644862
11.964514
12.289990
12.622300
12.963077
13.328507
13.709720
14.086052
14.459984
14.932575
15.236062
15.633641
16.085932
16.539395
17.001560
17.461267
17.932686
18.417570
18.915564
19.426247
19.951515
20.490986
21.044202
21.613218
22.197620
22.796912
23.413320
24.046395
24.695600
25.363347
26.054359
26.766339
27.498875
28.275200
29.025800
28.263892
27.483480
26.748144
26.041856
25.354218
24.663023
23.972446
23.305866
22.717717
22.277676
21.854025
21.276115
20.653919
20.082827
19.539247
19.014181
18.514331
18.026900
17.552302
17.090882
16.640926
16.202817
15.776872
15.361511
14.957085
14.563889
14.180462
13.807130
13.444164
13.090216
12.743548
12.404076
12.074129
11.742152
11.438503
11.746850
12.080410
12.412513
12.748646
13.098073
13.471079
13.866351
14.273791
14.659742
14.948113
15.476846
15.920779
16.372205
16.829025
17.291674
17.759225
18.238689
18.731846
19.238339
19.757736
20.291967
20.840643
21.403300
21.982025
22.576400
23.185918
23.812844
24.456722
25.127053
25.818856
26.520157
27.241597
26.486233
25.772424
25.095915
24.417622
23.720629
23.038923
22.275003
21.488225
20.877355
20.296026
19.738777
19.200668
18.695168
18.203704
17.724451
17.257815
16.804137
16.361730
15.930971
15.512173
15.103781
14.706140
14.319541
13.942547
13.575478
13.213844
12.859272
12.519721
12.187674
12.535757
12.881924
13.232357
13.607554
14.014676
14.436289
14.960675
15.320397
15.752280
16.204761
16.661574
17.123043
17.586035
18.061545
18.549171
19.052248
19.568186
20.097292
20.637403
21.195419
21.767654
22.356231
22.960724
23.580618
24.225967
24.903917
25.601862
26.257328
25.461948
24.842232
24.177564
23.536328
22.708631
22.249179
21.711131
21.107430
20.509026
19.928385
19.389760
18.879281
18.382242
17.899004
17.427773
16.968948
16.522864
16.087862
15.664313
15.252525
14.850969
14.459984
14.077603
13.702593
13.330639
12.968782
12.644535
13.039525
13.362137
13.734969
14.126113
14.649777
15.139468
15.583694
16.054434
16.503708
16.953344
17.410354
17.884691
18.375626
18.876261
19.386658
19.904485
20.433692
20.987879
21.559684
22.139982
22.734079
23.345053
23.991632
24.714376
24.549834
23.935078
23.291887
22.778682
21.977629
21.336625
20.707689
20.123838
19.586981
19.065970
18.557334
18.069494
17.600109
17.137432
16.681580
16.241750
15.810987
15.396575
14.996624
14.599468
14.212830
13.834771
13.433950
13.523989
13.865796
14.263518
14.616413
14.905125
15.473751
15.895326
16.352570
16.781299
17.229536
17.723033
18.214630
18.707885
19.209119
19.699339
20.219856
20.794844
21.358827
21.917055
22.500670
23.091512
23.714937
23.053673
22.311564
21.501981
20.893228
20.320396
19.788582
19.237569
18.719113
18.252555
17.788374
17.299284
16.832391
16.380721
15.948824
15.551935
15.149160
14.729689
14.361989
13.994510
14.379234
14.918247
15.245206
15.780028
16.242400
16.526168
17.095668
17.579705
18.064435
18.544720
19.072073
19.395190
20.056336
20.627499
21.223416
21.619271
22.341034
22.704090
22.257190
21.753727
21.029897
20.639879
19.952313
19.384332
18.843822
18.538786
17.941296
17.441721
16.970985
16.514274
16.049940
15.792025
15.261680
14.817740
14.614075
22.255409
32.029748
14.918247
10.365729
