300.000000
300.000000
300.000000
300.000000
300.000000
300.000000
300.000000
300.000000
300.000000
300.000000
300.000000
300.000000
300.000000
300.000000
300.000000
300.000000
300.000000
318.703662
331.389414
341.625611
350.136254
357.253381
363.222939
368.169248
372.186410
375.361701
377.747228
379.390885
380.339861
380.627497
380.288349
379.351483
377.843881
375.794627
373.220416
370.143943
366.589070
362.559347
358.069289
353.130772
347.722919
341.838609
335.445333
328.439495
320.691720
311.843226
300.000000
300.000000
300.000000
300.000000
300.000000
300.000000
300.000000
300.000000
300.000000
300.000000
300.000000
300.000000
300.000000
300.000000
300.000000
302.962958
305.945441
308.923146
311.857393
314.709601
317.455889
320.059391
322.486368
324.715532
326.716111
328.461114
329.933196
331.108848
331.969053
332.500612
332.688467
332.522875
331.995777
331.102502
329.844581
328.221150
326.240677
323.918776
321.264973
318.303463
315.067116
311.575789
307.872373
304.004336
305.822093
309.600403
313.316829
316.704309
319.850115
322.657695
325.150564
327.304657
329.104035
330.544962
331.619396
332.326022
332.669786
332.655201
332.292492
331.592522
330.569933
329.244226
327.630705
325.752433
323.636617
321.302583
318.780933
316.105342
313.269680
310.341973
307.330327
304.371933
302.448993
302.744942
302.763534
302.863483
303.009833
303.171751
303.416370
303.717766
304.089436
304.590499
305.186386
305.978602
306.558970
313.239167
320.705543
327.992880
334.482254
340.403284
345.906295
350.847677
355.344584
359.391556
362.993471
366.131632
368.787347
370.950227
372.594652
373.696836
374.234984
374.179049
373.500909
372.165268
370.134545
367.370759
363.814491
359.406012
354.073952
347.599253
339.927796
330.721093
320.310663
310.233171
309.242787
307.709465
306.683842
305.911605
305.251842
304.784500
304.410106
304.150807
303.944875
303.752772
303.611245
303.259682
307.375850
311.525670
315.079963
318.428398
321.476999
324.188732
326.528133
328.521162
330.152622
331.414519
332.308327
332.833041
332.993781
332.798897
332.258369
331.387489
330.199598
328.713773
326.953489
324.935956
322.688073
320.240554
317.615218
314.772247
311.855470
308.895400
305.569803
305.451612
305.674541
305.914368
306.240556
306.632556
307.143670
307.864905
308.785937
309.832422
311.025908
313.545584
321.335485
327.617567
333.618537
339.189947
344.220288
348.698422
352.760450
356.391145
359.576051
362.310797
364.573015
366.341695
367.601085
368.324704
368.488194
368.064925
367.024038
365.336260
362.959641
359.853025
355.972902
351.248463
345.352580
338.612228
330.858809
320.293915
316.275183
314.201323
312.422814
311.052208
309.922289
309.046970
308.475410
308.042168
307.630933
307.259785
310.151108
313.398778
316.983334
320.320829
323.279626
325.880136
328.080441
329.914777
331.379671
332.468291
333.180423
333.521955
333.498024
333.119343
332.397136
331.346524
329.987433
328.335049
326.412352
324.246567
321.856764
319.237953
316.409671
313.415348
310.397790
307.739912
308.373961
308.801328
309.197269
309.697080
310.365689
311.335524
312.610081
314.109093
315.536318
316.594791
321.438712
327.165837
332.911188
337.977671
342.551335
346.690333
350.330405
353.558893
356.356389
358.704102
360.590990
361.993106
362.888831
363.258145
363.074322
362.313047
360.943635
358.935149
356.258033
352.864755
348.614358
343.359578
337.100580
330.390908
324.081267
322.379143
319.779485
317.413395
315.484279
314.023994
312.994863
312.257021
311.673040
311.055635
315.271493
319.181288
322.396365
325.266693
327.747662
329.826887
331.508445
332.803617
333.715939
334.245575
334.399311
334.185627
333.615447
332.704277
331.466874
329.922327
328.093943
325.998522
323.663266
321.056081
318.218962
315.230703
311.788361
312.013002
312.632956
313.356528
314.440714
315.969605
317.847139
320.699592
327.158159
332.199875
336.821071
341.013621
344.794696
348.046114
350.889389
353.317266
355.306806
356.837277
357.893859
358.452920
358.492789
357.989993
356.918811
355.256555
352.970202
350.031700
346.241545
341.595712
336.120857
328.605072
324.271075
321.513042
319.237758
317.632813
316.529340
315.638191
318.309730
321.502310
324.673338
327.497922
329.869776
331.794199
333.317037
334.441974
335.171604
335.523006
335.477807
335.059378
334.288043
333.175053
331.741302
330.000721
327.976027
325.684908
323.104359
320.232330
317.179786
314.329983
315.669591
316.050084
317.223858
318.629045
321.552055
322.741420
326.973011
331.500298
335.758798
339.654264
343.008097
345.890568
348.380832
350.458463
352.108877
353.309376
354.042186
354.289158
354.025650
353.232689
351.884503
349.960574
347.392911
344.055885
339.946693
335.154937
330.444367
328.463833
324.500319
322.317178
320.608961
320.022398
323.959144
327.296771
330.048280
332.257713
334.036972
335.418387
336.384208
336.917425
337.037346
336.757247
336.122680
335.152507
333.813424
332.144252
330.196980
327.973005
325.456566
322.592650
319.322493
318.482774
319.748086
321.267927
322.672206
326.601276
330.880985
334.870561
338.354406
341.295019
343.861485
346.055572
347.812767
349.099711
349.942897
350.376540
350.365761
349.848126
348.801405
347.179526
344.989451
342.131894
338.451398
334.159546
329.433770
327.140317
324.931842
323.303868
327.127043
330.333730
333.025076
334.921756
336.572342
337.894559
338.631169
338.914708
338.756122
338.194903
337.413032
336.247054
334.571513
332.663144
330.537949
328.093740
325.382348
322.109045
323.556426
326.003699
330.666202
334.115261
337.152394
339.683131
342.038971
343.979888
345.300400
346.165799
346.808960
346.957344
346.672378
346.045121
344.688043
342.698001
340.477308
337.436791
332.756779
329.066961
330.879161
334.228477
336.533798
337.627142
339.853920
340.656220
341.125473
341.134815
340.726372
339.597925
339.360068
337.376967
335.380559
333.055444
331.256210
328.082531
325.981412
327.251998
330.108271
333.641569
335.480592
338.384616
340.449804
342.339911
342.433162
343.544169
343.863442
343.735985
343.244697
342.958375
340.480350
338.512263
336.888531
333.559020
306.630014
301.989928
302.706366
310.318572
