18.221188
10.000000
17.506375
16.820613
16.160744
15.526762
14.918545
14.333294
13.771002
13.231563
12.712492
12.213783
11.735343
11.274969
10.832654
10.408316
33.201169
10.408316
10.832654
11.274969
11.735343
12.213783
12.712492
13.231563
13.771002
14.333294
14.918545
15.526762
16.160744
16.820613
17.506375
18.221188
18.965188
19.738383
20.544332
21.383190
22.254964
23.163670
24.109479
25.092402
26.116965
27.183362
28.291604
29.446796
30.649155
31.898695
60.496475
34.556826
35.965678
37.434214
38.962712
40.551189
42.206958
43.930335
45.721338
47.588212
49.531315
51.550664
53.655560
55.846402
58.123211
58.123211
55.846402
53.655560
51.550664
49.531315
47.588212
45.721338
43.930335
42.206958
40.551189
38.962712
37.434214
35.965678
34.556826
33.201169
31.898695
30.649155
29.446796
28.291604
27.183362
26.116965
25.092402
24.109479
23.163670
22.254964
21.383190
20.544332
19.738383
18.965188
18.706388
19.411877
20.231182
21.058517
21.932841
22.827024
23.759088
24.729209
25.737398
26.788296
27.882105
29.018835
30.203720
31.436986
32.718645
34.054599
35.445103
36.890169
38.396453
39.964242
41.593549
43.291880
45.059557
46.896596
48.823175
50.831950
52.939253
55.229934
55.216681
52.904325
50.822801
48.820245
46.899410
45.059557
43.291880
41.593549
39.964242
38.368818
36.850349
35.381359
34.101627
32.367185
31.217071
29.938494
28.745036
27.607434
26.502130
25.462457
24.463571
23.505280
22.583173
21.697241
20.847314
20.029478
19.243726
18.489908
17.764553
17.067654
16.399078
15.755746
15.137651
14.544677
13.974093
13.425892
12.899971
12.390934
11.900556
11.427527
10.953566
10.956195
11.435072
11.903412
12.391678
12.899197
13.425892
13.974093
14.544677
15.149463
15.781291
16.425666
17.099429
17.745378
18.228843
19.125167
19.901301
20.726335
21.594639
22.495271
23.412384
24.368348
25.363347
26.397389
27.475236
28.597094
29.762973
30.978242
32.243133
33.557658
34.927871
36.354031
37.836154
39.381064
40.989056
42.660144
44.402026
46.237220
48.148264
50.126264
52.219975
50.132279
48.142487
46.226124
44.402026
42.660144
40.989056
39.347998
37.747721
36.245132
34.867149
33.241035
31.698365
30.458500
29.218004
28.019623
26.892975
25.839520
24.825841
23.851929
22.917598
22.018546
21.154763
20.326086
19.528698
18.762592
18.027621
17.320402
16.640926
15.989066
15.361818
14.759178
14.181029
13.624711
13.083934
12.564622
12.068818
11.584930
12.067370
12.566130
13.087075
13.624711
14.181029
14.759178
15.387648
16.052508
16.717985
17.388083
18.247445
18.806548
19.547455
20.401840
21.270584
22.168339
23.073507
24.014194
24.994732
26.015307
27.075929
28.181482
29.332177
30.528024
31.774532
33.071937
34.420251
35.825685
37.288505
38.808725
40.393347
42.055286
43.790859
45.600792
47.545402
49.451139
47.516884
45.562504
43.746215
42.025017
40.371540
38.731960
37.116629
35.579339
34.241046
33.251008
32.307038
31.034053
29.682721
28.460157
27.312517
26.219020
25.191965
24.203690
23.254184
22.343269
21.466747
20.624611
19.816702
19.039297
18.292389
17.575838
16.886341
16.223894
15.588370
14.976841
14.385850
13.814864
13.267336
12.723938
12.233586
12.731575
13.277689
13.828962
14.394484
14.990326
15.635205
16.328386
17.053323
17.749637
18.275934
19.254121
20.088451
20.948878
21.831745
22.738172
23.666608
24.631475
25.637217
26.684026
27.771910
28.905882
30.086155
31.312742
32.591291
33.922045
35.305018
36.746578
38.246999
39.830187
41.486376
43.188104
44.962333
43.105263
41.374514
39.756172
38.155316
36.533334
34.969809
33.245024
31.499293
30.165687
28.914555
27.731948
26.605690
25.561954
24.560638
23.597130
22.671420
21.783332
20.928777
20.107746
19.320082
18.562160
17.833970
17.135376
16.463159
15.817313
15.189511
14.582251
14.008511
13.454923
14.035433
14.620799
15.221442
15.873405
16.591078
17.345361
18.298976
18.962912
19.770385
20.628324
21.506712
22.406366
23.321253
24.273497
25.263107
26.297795
27.373218
28.490910
29.647123
30.857662
32.115703
33.427038
34.791917
36.210354
37.706975
39.300809
40.964469
42.547670
40.629122
39.154881
37.594024
36.108384
34.220507
33.187228
31.990695
30.665710
29.370921
28.132489
26.999682
25.940491
24.922851
23.946570
23.007151
22.104586
21.238702
20.405513
19.605009
18.837039
18.098066
17.388083
16.702946
16.039992
15.391341
14.768922
14.218516
14.889929
15.445923
16.096874
16.789356
17.731542
18.627986
19.453852
20.341947
21.201779
22.074103
22.972666
23.917851
24.909396
25.934266
26.993203
28.081896
29.209240
30.405548
31.656550
32.943207
34.278046
35.669112
37.161196
38.852992
38.465629
37.029878
35.547332
34.378972
32.581515
31.166540
29.798710
28.547378
27.412664
26.326212
25.279786
24.289523
23.349255
22.434615
21.545459
20.698994
19.881012
19.104523
18.364971
17.640283
16.944192
16.272639
15.570609
15.727411
16.327407
17.034916
17.671004
18.197152
19.248345
20.040297
20.911204
21.738939
22.615717
23.594298
24.582753
25.588041
26.623255
27.648876
28.751936
29.987034
31.215198
32.446906
33.751508
35.089611
36.520184
35.003396
33.326907
31.529547
30.200096
28.966648
27.836973
26.682425
25.611081
24.659571
23.724899
22.753184
21.838295
20.965225
20.141555
19.394414
18.645878
17.876823
17.211626
16.555280
17.242635
18.221188
18.823481
19.822647
20.700236
21.245075
22.352655
23.308663
24.279323
25.254013
26.338852
27.011024
28.403861
29.625785
30.918821
31.787880
33.392960
34.210243
33.205154
32.084886
30.496902
29.652460
28.183173
26.988345
25.867442
25.241894
24.031491
23.034776
22.108565
21.222142
20.333405
19.845258
18.854000
18.037359
17.666763
33.201169
57.323181
18.221188
10.553580
