27.194147
27.151576
25.516325
25.419123
17.905986
17.447303
23.205015
22.609837
18.998343
18.505200
17.192990
16.748105
26.989154
27.534371
21.112566
20.579973
10.527965
10.678351
26.693011
27.192787
42.569375
41.969861
16.793665
16.486388
10.527264
10.264265
10.264265
16.185543
16.304945
16.671518
42.572213
43.663030
43.663030
27.691765
27.486686
26.882309
16.448239
18.163579
19.209759
19.882072
21.341818
22.193551
23.480456
24.386225
25.981942
26.645006
25.021908
24.096544
22.305169
21.892303
20.406125
19.716748
18.254016
16.494634
16.097572
16.044270
16.509761
17.153206
17.709510
18.233036
18.870850
19.525444
20.212174
20.974731
21.639098
22.278047
23.076199
23.967972
24.771284
25.614752
26.543063
27.816196
27.878852
27.022461
26.162709
25.381446
24.515407
23.616645
22.876689
22.218718
21.483856
20.778146
20.076201
19.336963
18.722046
18.168120
17.486895
16.892196
16.230385
15.674499
15.666663
16.097035
16.662629
17.288389
17.782564
18.388677
19.021472
19.681946
20.378595
21.125590
21.726552
22.470839
23.275511
24.151225
24.897526
25.852787
26.824575
27.614797
28.561274
28.580798
27.774503
26.807591
26.030921
25.166618
24.312366
23.440573
22.784985
22.040943
21.323685
20.613615
19.908599
19.188000
18.639850
18.005341
17.344667
16.734154
15.929697
15.334959
15.312994
15.819897
16.357477
16.920091
17.477280
18.058234
18.676544
19.319889
19.993058
20.673136
21.350000
22.066304
22.838973
23.630032
24.444822
25.327356
26.356592
28.142618
29.196585
29.245287
28.287927
27.375134
26.493562
25.634397
24.776652
23.955591
23.194189
22.452495
21.717863
20.997466
20.286421
19.609257
18.975559
18.344903
17.722501
17.041220
16.441935
16.038655
15.457100
14.948113
14.752341
14.892659
15.412082
15.928369
16.480344
17.034688
17.597997
18.195696
18.818713
19.465009
20.137191
20.808643
21.497825
22.235759
23.010909
23.796022
24.637880
25.549943
26.597975
27.332736
28.002256
28.978430
29.971645
30.374449
30.084751
29.054356
28.104651
27.191428
26.312701
25.447948
24.596441
23.799195
23.040075
22.289560
21.556307
20.838143
20.136520
19.477665
18.844136
18.204796
17.576892
16.886848
16.323978
15.683906
15.164671
14.662870
14.324219
14.076195
14.594116
15.113198
15.630671
16.163707
16.710464
17.273700
17.859789
18.467303
19.096118
19.745358
20.411567
21.100254
21.818359
22.564287
23.335717
24.157263
25.051535
25.990171
28.632767
29.558906
30.557243
31.287493
31.839312
30.704271
29.640799
28.659026
27.723629
26.817869
25.937378
25.084123
24.265003
23.478108
22.711054
21.963934
21.237499
20.536116
19.861538
19.209119
18.565439
17.918226
17.280322
16.647084
15.859496
15.282653
14.757751
14.292264
13.725450
14.206294
14.715015
15.223167
15.743356
16.279149
16.828689
17.398229
17.989443
18.599817
19.232504
19.884060
20.555292
21.251662
21.975285
22.723170
23.504340
24.348862
25.251909
26.179284
27.127603
28.331807
29.352716
30.363314
31.354833
32.652946
31.546682
30.449973
29.428152
28.461485
27.530700
26.629024
25.753875
24.908732
24.097749
23.312004
22.546994
21.804545
21.085489
20.392525
19.724308
19.070674
18.424570
17.776934
17.158067
16.564885
16.159667
15.584109
14.985780
14.473004
14.005523
13.532602
13.494764
13.949845
14.436144
14.934915
15.444224
15.968772
16.510036
17.069645
17.648223
18.246411
18.864876
19.504303
20.165403
20.848912
21.555588
22.286217
23.048909
23.867517
24.731270
25.625000
26.510347
27.806925
28.814203
29.935700
30.968434
31.996241
33.118270
33.211685
32.126624
31.042330
30.004132
29.016610
28.065332
27.145241
26.255315
25.394563
24.563668
23.759563
22.979866
22.225385
21.496033
20.791310
20.109689
19.444905
18.789880
18.146332
17.521612
16.948315
16.295980
15.725786
15.112191
14.583174
14.091453
13.637887
13.156971
13.149956
13.589785
14.059080
14.546035
15.043336
15.554268
16.081482
16.626566
17.190125
17.772786
18.375197
18.998026
19.641967
20.307733
20.996066
21.707730
22.443516
23.220877
24.050002
24.915375
25.816619
26.795084
27.584438
28.558894
29.698655
30.746774
31.803778
32.862048
34.063795
34.081967
32.979465
31.877011
30.808843
29.789871
28.813243
27.868632
26.954990
26.071300
25.216581
24.391509
23.591467
22.817667
22.068879
21.345375
20.645590
19.968747
19.305083
18.653213
18.013145
17.393300
16.775482
15.979954
15.369757
14.816159
14.297506
13.818180
13.360712
12.909134
12.416403
12.899455
13.340018
13.797698
14.271555
14.757505
15.257712
15.774874
16.309565
16.862380
17.433932
18.024857
18.635812
19.267475
19.920548
20.595757
21.293853
22.015610
22.770938
23.569459
24.404115
25.285179
26.300425
27.219540
28.122925
29.210700
30.282957
31.361628
32.434903
33.543790
34.717773
36.094906
34.744401
33.596383
32.482509
31.403471
30.368881
29.373270
28.410300
27.478900
26.578034
25.706703
24.863937
24.048800
23.260386
22.497820
21.760254
21.046868
20.356870
19.685883
19.030033
18.382855
17.750288
17.085869
16.525728
16.082554
15.487529
14.932924
14.404420
13.914319
13.454789
13.007834
12.564203
12.092496
12.559388
12.994399
13.438877
13.900411
14.374681
14.861913
15.365659
15.886480
16.424954
16.981680
17.557276
18.152381
18.767658
19.403790
20.061484
20.741470
21.444505
22.171369
22.937392
23.739771
24.582507
25.485299
26.486057
27.220901
27.958887
28.996789
30.051676
31.135078
32.214557
33.308138
34.454344
35.670301
37.061737
35.684572
34.490540
33.349244
32.242488
31.177658
30.155533
29.166917
28.210712
27.285855
26.391318
25.526108
24.689262
23.879852
23.096977
22.339768
21.607384
20.899009
20.213858
19.547585
18.892879
18.248236
17.616191
16.974605
16.518568
16.162630
15.689396
15.157848
14.623821
14.116134
13.643344
13.193643
12.757488
12.327942
11.915838
11.914249
12.322807
12.750261
13.187707
13.637660
14.100850
14.578800
15.072950
15.583850
16.112066
16.658186
17.222817
17.806587
18.410143
19.034157
19.679322
20.346355
21.035997
21.749014
22.491447
23.266590
24.083696
24.958599
25.849771
26.643674
27.803681
28.638017
29.619070
30.677672
31.760872
32.851643
33.967984
35.129870
36.353910
37.611196
37.616211
36.369667
35.150368
33.984406
32.863143
31.783112
30.741138
29.733324
28.758549
27.815732
26.903824
26.021812
25.168715
24.343586
23.545509
22.773595
22.026988
21.304857
20.606401
19.930843
19.270365
18.618426
17.980451
17.381129
16.864628
16.282677
15.774348
15.257458
14.731211
14.219085
13.738495
13.286101
12.849245
12.422613
12.004942
11.607504
11.607891
12.002942
12.418680
12.844749
13.283887
13.735061
14.200612
14.681944
15.179590
15.694104
16.226057
16.776041
17.344667
17.932567
18.540393
19.168822
19.818551
20.490303
21.184824
21.902886
22.650572
23.432371
24.260150
25.138112
26.002303
26.855441
27.575704
28.477617
29.424228
30.459109
31.535117
32.624659
33.731600
34.879006
36.076864
37.332033
38.610275
38.608988
37.338256
36.088891
34.891216
33.738347
32.629553
31.559829
30.525175
29.524441
28.556515
27.620321
26.714819
25.839003
24.991900
24.172568
23.380097
22.613606
21.872244
21.155186
20.461637
19.790825
19.130522
18.484855
17.856813
17.276003
16.719100
15.991411
15.438305
14.932426
14.427726
13.936367
13.473190
13.031486
12.603213
12.186577
11.782732
11.391891
11.390182
11.781947
12.185155
12.602583
13.031486
13.473190
13.929865
14.402019
14.890177
15.394882
15.916693
16.456191
17.013975
17.590666
18.186904
18.803351
19.440693
20.099637
20.780917
21.485288
22.213534
22.972973
23.776597
24.608742
25.458129
26.388679
28.055511
29.064527
30.047669
31.091001
32.165735
33.263757
34.391236
35.559894
36.775619
38.036077
39.341047
39.346949
38.037978
36.779910
35.561672
34.391236
33.263757
32.173241
31.118477
30.098292
29.111553
28.157162
27.234061
26.341222
25.477654
24.642397
23.834523
23.053135
22.297363
21.566369
20.859339
20.175488
19.509505
18.860160
18.229997
17.629996
17.008872
16.082018
15.535355
15.028050
14.529316
14.037773
13.568285
13.123464
12.693014
12.275455
11.869852
11.478034
11.090273
10.958533
11.087501
11.475547
11.868467
12.274637
12.693226
13.123464
13.568285
14.028184
14.503671
14.995274
15.503541
16.029035
16.572341
17.134062
17.714823
18.315269
18.936067
19.577907
20.241503
20.927591
21.636934
22.370320
23.140903
23.946011
24.775826
25.632688
26.542178
27.201853
27.883035
28.870446
29.847520
30.874124
31.940297
33.030623
34.150199
35.308313
36.509351
37.756907
39.045791
40.410989
40.896798
40.421093
39.053601
37.760683
36.511785
35.307724
34.150199
33.030623
31.947750
30.900378
29.887343
28.907520
27.959819
27.043187
26.156606
25.299090
24.469687
23.667475
22.891563
22.141089
21.415217
20.713143
20.034085
19.372769
18.728912
18.107963
17.508476
16.904588
16.488312
15.726834
15.222660
14.722620
14.236633
13.763706
13.309594
12.873253
12.451010
12.042215
11.646454
11.263511
10.885356
10.882635
11.260696
11.645484
12.042215
12.451218
12.873253
13.309594
13.760724
14.227145
14.709376
15.207952
15.723427
16.256374
16.807386
17.377074
17.966072
18.575034
19.204637
19.855580
20.528587
21.224406
21.943810
22.693270
23.470675
24.273092
25.113405
25.950350
28.499934
29.445814
30.453018
31.494673
32.568702
33.672622
34.813959
35.994582
37.216483
38.481147
39.789448
41.171726
41.182020
39.798734
38.483712
37.216483
35.993982
34.813959
33.672622
32.568702
31.500973
30.468248
29.469380
28.503259
27.568811
26.664998
25.790815
24.945292
24.127488
23.336495
22.571433
21.831454
21.115734
20.423477
19.753916
19.102803
18.472844
17.860087
17.282339
15.829919
15.323462
14.820111
14.334250
13.861082
13.403758
12.964330
12.539309
12.128019
11.730025
11.344901
10.972423
10.604571
10.603864
10.970411
11.344145
11.729829
12.128222
12.539309
12.964330
13.403758
13.858080
14.327801
14.813443
15.315547
15.834669
16.371387
16.926297
17.500015
18.093180
18.706451
19.340508
19.996057
20.673825
21.374567
22.099060
22.853823
23.630819
24.436268
25.277595
26.106520
28.313869
29.247724
30.245127
31.273417
32.339900
33.436065
34.569384
35.741117
36.953182
38.206988
39.503993
40.845028
42.261863
42.264680
40.852517
39.505968
38.207625
36.952566
35.741117
34.569384
33.436065
32.339900
31.279672
30.254202
29.262352
28.303018
27.375134
26.477671
25.609629
24.770046
23.957987
23.172551
22.412864
21.678083
20.967391
20.279998
19.615141
18.968602
18.346432
17.738163
17.170940
